bundle	variable_name	qsirecon_suffix	source_file	zero_proportion	mean	stdev	median	masked_mean	masked_median	masked_stdev	weighted_mean	masked_weighted_mean	subject_id	session_id	task_id	dir_id	acq_id	space_id	rec_id	run_id	bundle_source	bundle_params_id
Association_HippocampusAlveusR	directions	NODDI	/scratch/grmpy/SLURM_11194840_134/job-11194840-134-sub-90077/ds/inputs/data/qsiprep/qsiprep/sub-90077/ses-1/dwi/sub-90077_ses-1_acq-multiband_dir-AP_space-ACPC_desc-preproc_dwi.nii.gz	1.0	-0.049037013	0.57514894	-0.09207923	-0.049056496	-0.09214551	0.57526237	0.101626165		sub-90077	ses-1		dir-AP	acq-multiband	space-ACPC			DSIStudio	autotrackgqi
Association_HippocampusAlveusR	icvf	NODDI	/scratch/grmpy/SLURM_11194840_134/job-11194840-134-sub-90077/ds/inputs/data/qsiprep/qsiprep/sub-90077/ses-1/dwi/sub-90077_ses-1_acq-multiband_dir-AP_space-ACPC_desc-preproc_dwi.nii.gz	0.0246227164416203	0.5075981	0.19168353	0.45693728	0.520412	0.45966336	0.17607264	0.49078298	0.4996102452278137	sub-90077	ses-1		dir-AP	acq-multiband	space-ACPC			DSIStudio	autotrackgqi
Association_HippocampusAlveusR	isovf	NODDI	/scratch/grmpy/SLURM_11194840_134/job-11194840-134-sub-90077/ds/inputs/data/qsiprep/qsiprep/sub-90077/ses-1/dwi/sub-90077_ses-1_acq-multiband_dir-AP_space-ACPC_desc-preproc_dwi.nii.gz	0.3741064336775218	0.19256562	0.27531174	0.06380582	0.30766514	0.17837852	0.29272726	0.20849386	0.2918635010719299	sub-90077	ses-1		dir-AP	acq-multiband	space-ACPC			DSIStudio	autotrackgqi
Association_HippocampusAlveusR	modulated_icvf	NODDI	/scratch/grmpy/SLURM_11194840_134/job-11194840-134-sub-90077/ds/inputs/data/qsiprep/qsiprep/sub-90077/ses-1/dwi/sub-90077_ses-1_acq-multiband_dir-AP_space-ACPC_desc-preproc_dwi.nii.gz	0.0246227164416203	0.38452962	0.11712935	0.40516156	0.3942368	0.40806133	0.10118642	0.3680913	0.3747118711471557	sub-90077	ses-1		dir-AP	acq-multiband	space-ACPC			DSIStudio	autotrackgqi
Association_HippocampusAlveusR	modulated_od	NODDI	/scratch/grmpy/SLURM_11194840_134/job-11194840-134-sub-90077/ds/inputs/data/qsiprep/qsiprep/sub-90077/ses-1/dwi/sub-90077_ses-1_acq-multiband_dir-AP_space-ACPC_desc-preproc_dwi.nii.gz	0.0011914217633042	0.29740506	0.20096043	0.27768803	0.29775983	0.278008	0.2008174	0.23705128	0.2373046278953552	sub-90077	ses-1		dir-AP	acq-multiband	space-ACPC			DSIStudio	autotrackgqi
Association_HippocampusAlveusR	nrmse	NODDI	/scratch/grmpy/SLURM_11194840_134/job-11194840-134-sub-90077/ds/inputs/data/qsiprep/qsiprep/sub-90077/ses-1/dwi/sub-90077_ses-1_acq-multiband_dir-AP_space-ACPC_desc-preproc_dwi.nii.gz	0.000397140587768	0.109251715	0.037523504	0.10140926	0.10929512	0.10141677	0.037467703	0.10553025	0.105532020330429	sub-90077	ses-1		dir-AP	acq-multiband	space-ACPC			DSIStudio	autotrackgqi
Association_HippocampusAlveusR	od	NODDI	/scratch/grmpy/SLURM_11194840_134/job-11194840-134-sub-90077/ds/inputs/data/qsiprep/qsiprep/sub-90077/ses-1/dwi/sub-90077_ses-1_acq-multiband_dir-AP_space-ACPC_desc-preproc_dwi.nii.gz	0.000397140587768	0.37342143	0.21087395	0.35548416	0.3735698	0.35551676	0.2107844	0.3090493	0.3090544939041137	sub-90077	ses-1		dir-AP	acq-multiband	space-ACPC			DSIStudio	autotrackgqi
Association_HippocampusAlveusR	rmse	NODDI	/scratch/grmpy/SLURM_11194840_134/job-11194840-134-sub-90077/ds/inputs/data/qsiprep/qsiprep/sub-90077/ses-1/dwi/sub-90077_ses-1_acq-multiband_dir-AP_space-ACPC_desc-preproc_dwi.nii.gz	0.000397140587768	0.05070568	0.013492559	0.048337597	0.050725825	0.048338518	0.013457324	0.04877823	0.048779048025608	sub-90077	ses-1		dir-AP	acq-multiband	space-ACPC			DSIStudio	autotrackgqi
Association_HippocampusAlveusR	tf	NODDI	/scratch/grmpy/SLURM_11194840_134/job-11194840-134-sub-90077/ds/inputs/data/qsiprep/qsiprep/sub-90077/ses-1/dwi/sub-90077_ses-1_acq-multiband_dir-AP_space-ACPC_desc-preproc_dwi.nii.gz	0.0246227164416203	0.8070373	0.2757546	0.9360603	0.8274104	0.9411683	0.24719076	0.7914893	0.8057252168655396	sub-90077	ses-1		dir-AP	acq-multiband	space-ACPC			DSIStudio	autotrackgqi
Association_InferiorLongitudinalFasciculusL	directions	NODDI	/scratch/grmpy/SLURM_11194840_134/job-11194840-134-sub-90077/ds/inputs/data/qsiprep/qsiprep/sub-90077/ses-1/dwi/sub-90077_ses-1_acq-multiband_dir-AP_space-ACPC_desc-preproc_dwi.nii.gz	59.0	-0.062478922	0.5726363	-0.117083475	-0.06276464	-0.12149565	0.5739285	-0.12010113		sub-90077	ses-1		dir-AP	acq-multiband	space-ACPC			DSIStudio	autotrackgqi
Association_InferiorLongitudinalFasciculusL	icvf	NODDI	/scratch/grmpy/SLURM_11194840_134/job-11194840-134-sub-90077/ds/inputs/data/qsiprep/qsiprep/sub-90077/ses-1/dwi/sub-90077_ses-1_acq-multiband_dir-AP_space-ACPC_desc-preproc_dwi.nii.gz	0.0057865905408533	0.5251994	0.12392866	0.5181377	0.5282562	0.51911104	0.117613465	0.56828064	0.5686447620391846	sub-90077	ses-1		dir-AP	acq-multiband	space-ACPC			DSIStudio	autotrackgqi
Association_InferiorLongitudinalFasciculusL	isovf	NODDI	/scratch/grmpy/SLURM_11194840_134/job-11194840-134-sub-90077/ds/inputs/data/qsiprep/qsiprep/sub-90077/ses-1/dwi/sub-90077_ses-1_acq-multiband_dir-AP_space-ACPC_desc-preproc_dwi.nii.gz	0.3787516395339865	0.07589874	0.11952471	0.040719848	0.12217133	0.093721	0.1316917	0.07836003	0.0982208326458931	sub-90077	ses-1		dir-AP	acq-multiband	space-ACPC			DSIStudio	autotrackgqi
Association_InferiorLongitudinalFasciculusL	modulated_icvf	NODDI	/scratch/grmpy/SLURM_11194840_134/job-11194840-134-sub-90077/ds/inputs/data/qsiprep/qsiprep/sub-90077/ses-1/dwi/sub-90077_ses-1_acq-multiband_dir-AP_space-ACPC_desc-preproc_dwi.nii.gz	0.0057865905408533	0.47945184	0.10292538	0.4899125	0.48224238	0.4907066	0.09648616	0.5201549	0.5204882621765137	sub-90077	ses-1		dir-AP	acq-multiband	space-ACPC			DSIStudio	autotrackgqi
Association_InferiorLongitudinalFasciculusL	modulated_od	NODDI	/scratch/grmpy/SLURM_11194840_134/job-11194840-134-sub-90077/ds/inputs/data/qsiprep/qsiprep/sub-90077/ses-1/dwi/sub-90077_ses-1_acq-multiband_dir-AP_space-ACPC_desc-preproc_dwi.nii.gz	0.004783581513772	0.3081769	0.18650068	0.2818999	0.30965817	0.28322572	0.18571752	0.21339428	0.2134865969419479	sub-90077	ses-1		dir-AP	acq-multiband	space-ACPC			DSIStudio	autotrackgqi
Association_InferiorLongitudinalFasciculusL	nrmse	NODDI	/scratch/grmpy/SLURM_11194840_134/job-11194840-134-sub-90077/ds/inputs/data/qsiprep/qsiprep/sub-90077/ses-1/dwi/sub-90077_ses-1_acq-multiband_dir-AP_space-ACPC_desc-preproc_dwi.nii.gz	0.0045521178921379	0.09858028	0.04232513	0.09130587	0.099031076	0.09146722	0.04189231	0.09899445	0.0990370884537696	sub-90077	ses-1		dir-AP	acq-multiband	space-ACPC			DSIStudio	autotrackgqi
Association_InferiorLongitudinalFasciculusL	od	NODDI	/scratch/grmpy/SLURM_11194840_134/job-11194840-134-sub-90077/ds/inputs/data/qsiprep/qsiprep/sub-90077/ses-1/dwi/sub-90077_ses-1_acq-multiband_dir-AP_space-ACPC_desc-preproc_dwi.nii.gz	0.0045521178921379	0.33362514	0.19437283	0.30945304	0.33515078	0.31067124	0.19349998	0.23069033	0.2307896912097931	sub-90077	ses-1		dir-AP	acq-multiband	space-ACPC			DSIStudio	autotrackgqi
Association_InferiorLongitudinalFasciculusL	rmse	NODDI	/scratch/grmpy/SLURM_11194840_134/job-11194840-134-sub-90077/ds/inputs/data/qsiprep/qsiprep/sub-90077/ses-1/dwi/sub-90077_ses-1_acq-multiband_dir-AP_space-ACPC_desc-preproc_dwi.nii.gz	0.0045521178921379	0.051264927	0.028980853	0.04713963	0.051499356	0.04720536	0.028838472	0.052446716	0.0524693094193935	sub-90077	ses-1		dir-AP	acq-multiband	space-ACPC			DSIStudio	autotrackgqi
Association_InferiorLongitudinalFasciculusL	tf	NODDI	/scratch/grmpy/SLURM_11194840_134/job-11194840-134-sub-90077/ds/inputs/data/qsiprep/qsiprep/sub-90077/ses-1/dwi/sub-90077_ses-1_acq-multiband_dir-AP_space-ACPC_desc-preproc_dwi.nii.gz	0.0057865905408533	0.9195492	0.13463488	0.95757306	0.92490125	0.95855033	0.11524738	0.92120934	0.921799659729004	sub-90077	ses-1		dir-AP	acq-multiband	space-ACPC			DSIStudio	autotrackgqi
Association_HippocampusAlveusL	directions	NODDI	/scratch/grmpy/SLURM_11194840_134/job-11194840-134-sub-90077/ds/inputs/data/qsiprep/qsiprep/sub-90077/ses-1/dwi/sub-90077_ses-1_acq-multiband_dir-AP_space-ACPC_desc-preproc_dwi.nii.gz	14.0	-0.07584626	0.5711374	-0.13851069	-0.0761622	-0.14245544	0.57230467	-0.15852904		sub-90077	ses-1		dir-AP	acq-multiband	space-ACPC			DSIStudio	autotrackgqi
Association_HippocampusAlveusL	icvf	NODDI	/scratch/grmpy/SLURM_11194840_134/job-11194840-134-sub-90077/ds/inputs/data/qsiprep/qsiprep/sub-90077/ses-1/dwi/sub-90077_ses-1_acq-multiband_dir-AP_space-ACPC_desc-preproc_dwi.nii.gz	0.0174814814814814	0.52254736	0.1866913	0.4703638	0.5318448	0.47282115	0.17472544	0.51887894	0.5222176313400269	sub-90077	ses-1		dir-AP	acq-multiband	space-ACPC			DSIStudio	autotrackgqi
Association_HippocampusAlveusL	isovf	NODDI	/scratch/grmpy/SLURM_11194840_134/job-11194840-134-sub-90077/ds/inputs/data/qsiprep/qsiprep/sub-90077/ses-1/dwi/sub-90077_ses-1_acq-multiband_dir-AP_space-ACPC_desc-preproc_dwi.nii.gz	0.4654814814814815	0.15844142	0.25518587	0.01660196	0.29641896	0.16969994	0.2844816	0.1753282	0.266359269618988	sub-90077	ses-1		dir-AP	acq-multiband	space-ACPC			DSIStudio	autotrackgqi
Association_HippocampusAlveusL	modulated_icvf	NODDI	/scratch/grmpy/SLURM_11194840_134/job-11194840-134-sub-90077/ds/inputs/data/qsiprep/qsiprep/sub-90077/ses-1/dwi/sub-90077_ses-1_acq-multiband_dir-AP_space-ACPC_desc-preproc_dwi.nii.gz	0.0174814814814814	0.41338566	0.12476696	0.42363638	0.42074084	0.42363638	0.1129121	0.4056888	0.4082992076873779	sub-90077	ses-1		dir-AP	acq-multiband	space-ACPC			DSIStudio	autotrackgqi
Association_HippocampusAlveusL	modulated_od	NODDI	/scratch/grmpy/SLURM_11194840_134/job-11194840-134-sub-90077/ds/inputs/data/qsiprep/qsiprep/sub-90077/ses-1/dwi/sub-90077_ses-1_acq-multiband_dir-AP_space-ACPC_desc-preproc_dwi.nii.gz	0.0044444444444444	0.3072898	0.2044919	0.29668874	0.30866164	0.29849043	0.20391221	0.23166296	0.2317273914813995	sub-90077	ses-1		dir-AP	acq-multiband	space-ACPC			DSIStudio	autotrackgqi
Association_HippocampusAlveusL	nrmse	NODDI	/scratch/grmpy/SLURM_11194840_134/job-11194840-134-sub-90077/ds/inputs/data/qsiprep/qsiprep/sub-90077/ses-1/dwi/sub-90077_ses-1_acq-multiband_dir-AP_space-ACPC_desc-preproc_dwi.nii.gz	0.0041481481481481	0.11482178	0.047449052	0.1047062	0.11530006	0.10483852	0.046964295	0.11223549	0.1122647747397422	sub-90077	ses-1		dir-AP	acq-multiband	space-ACPC			DSIStudio	autotrackgqi
Association_HippocampusAlveusL	od	NODDI	/scratch/grmpy/SLURM_11194840_134/job-11194840-134-sub-90077/ds/inputs/data/qsiprep/qsiprep/sub-90077/ses-1/dwi/sub-90077_ses-1_acq-multiband_dir-AP_space-ACPC_desc-preproc_dwi.nii.gz	0.0041481481481481	0.36604947	0.20800728	0.3571082	0.36757424	0.3579213	0.20709126	0.27865347	0.278726190328598	sub-90077	ses-1		dir-AP	acq-multiband	space-ACPC			DSIStudio	autotrackgqi
Association_HippocampusAlveusL	rmse	NODDI	/scratch/grmpy/SLURM_11194840_134/job-11194840-134-sub-90077/ds/inputs/data/qsiprep/qsiprep/sub-90077/ses-1/dwi/sub-90077_ses-1_acq-multiband_dir-AP_space-ACPC_desc-preproc_dwi.nii.gz	0.0041481481481481	0.055560973	0.028470824	0.05164476	0.055792406	0.051671397	0.028302858	0.05433931	0.0543534941971302	sub-90077	ses-1		dir-AP	acq-multiband	space-ACPC			DSIStudio	autotrackgqi
Association_HippocampusAlveusL	tf	NODDI	/scratch/grmpy/SLURM_11194840_134/job-11194840-134-sub-90077/ds/inputs/data/qsiprep/qsiprep/sub-90077/ses-1/dwi/sub-90077_ses-1_acq-multiband_dir-AP_space-ACPC_desc-preproc_dwi.nii.gz	0.0174814814814814	0.83741045	0.26064593	0.9802637	0.85231006	0.98651737	0.23758353	0.8244108	0.8297154903411865	sub-90077	ses-1		dir-AP	acq-multiband	space-ACPC			DSIStudio	autotrackgqi
Association_ExtremeCapsuleL	directions	NODDI	/scratch/grmpy/SLURM_11194840_134/job-11194840-134-sub-90077/ds/inputs/data/qsiprep/qsiprep/sub-90077/ses-1/dwi/sub-90077_ses-1_acq-multiband_dir-AP_space-ACPC_desc-preproc_dwi.nii.gz	8.0	0.022947917	0.5762151	-0.0038279733	0.023001943	-0.0059534274	0.5768919	0.25195774		sub-90077	ses-1		dir-AP	acq-multiband	space-ACPC			DSIStudio	autotrackgqi
Association_ExtremeCapsuleL	icvf	NODDI	/scratch/grmpy/SLURM_11194840_134/job-11194840-134-sub-90077/ds/inputs/data/qsiprep/qsiprep/sub-90077/ses-1/dwi/sub-90077_ses-1_acq-multiband_dir-AP_space-ACPC_desc-preproc_dwi.nii.gz	0.005871990604815	0.5629292	0.13709295	0.57460225	0.56625426	0.57619417	0.13047096	0.5880419	0.5882604122161865	sub-90077	ses-1		dir-AP	acq-multiband	space-ACPC			DSIStudio	autotrackgqi
Association_ExtremeCapsuleL	isovf	NODDI	/scratch/grmpy/SLURM_11194840_134/job-11194840-134-sub-90077/ds/inputs/data/qsiprep/qsiprep/sub-90077/ses-1/dwi/sub-90077_ses-1_acq-multiband_dir-AP_space-ACPC_desc-preproc_dwi.nii.gz	0.2243100411039342	0.122094505	0.15547724	0.09994947	0.15740116	0.123035304	0.16001916	0.10810761	0.1245828568935394	sub-90077	ses-1		dir-AP	acq-multiband	space-ACPC			DSIStudio	autotrackgqi
Association_ExtremeCapsuleL	modulated_icvf	NODDI	/scratch/grmpy/SLURM_11194840_134/job-11194840-134-sub-90077/ds/inputs/data/qsiprep/qsiprep/sub-90077/ses-1/dwi/sub-90077_ses-1_acq-multiband_dir-AP_space-ACPC_desc-preproc_dwi.nii.gz	0.005871990604815	0.48651743	0.11647955	0.5076624	0.48939112	0.508392	0.110640235	0.52023685	0.5204302072525024	sub-90077	ses-1		dir-AP	acq-multiband	space-ACPC			DSIStudio	autotrackgqi
Association_ExtremeCapsuleL	modulated_od	NODDI	/scratch/grmpy/SLURM_11194840_134/job-11194840-134-sub-90077/ds/inputs/data/qsiprep/qsiprep/sub-90077/ses-1/dwi/sub-90077_ses-1_acq-multiband_dir-AP_space-ACPC_desc-preproc_dwi.nii.gz	0.0032295948326482	0.24393131	0.16647512	0.22135273	0.24472165	0.22174893	0.16616361	0.21214886	0.212189108133316	sub-90077	ses-1		dir-AP	acq-multiband	space-ACPC			DSIStudio	autotrackgqi
Association_ExtremeCapsuleL	nrmse	NODDI	/scratch/grmpy/SLURM_11194840_134/job-11194840-134-sub-90077/ds/inputs/data/qsiprep/qsiprep/sub-90077/ses-1/dwi/sub-90077_ses-1_acq-multiband_dir-AP_space-ACPC_desc-preproc_dwi.nii.gz	0.002348796241926	0.09758966	0.037503734	0.09152352	0.09781942	0.09157215	0.03724737	0.09370495	0.0937196463346481	sub-90077	ses-1		dir-AP	acq-multiband	space-ACPC			DSIStudio	autotrackgqi
Association_ExtremeCapsuleL	od	NODDI	/scratch/grmpy/SLURM_11194840_134/job-11194840-134-sub-90077/ds/inputs/data/qsiprep/qsiprep/sub-90077/ses-1/dwi/sub-90077_ses-1_acq-multiband_dir-AP_space-ACPC_desc-preproc_dwi.nii.gz	0.002348796241926	0.2847809	0.18946621	0.26121336	0.28545135	0.26148182	0.18918397	0.23776227	0.2377995401620865	sub-90077	ses-1		dir-AP	acq-multiband	space-ACPC			DSIStudio	autotrackgqi
Association_ExtremeCapsuleL	rmse	NODDI	/scratch/grmpy/SLURM_11194840_134/job-11194840-134-sub-90077/ds/inputs/data/qsiprep/qsiprep/sub-90077/ses-1/dwi/sub-90077_ses-1_acq-multiband_dir-AP_space-ACPC_desc-preproc_dwi.nii.gz	0.002348796241926	0.04962995	0.017395023	0.04726885	0.049746796	0.04729862	0.0172478	0.049020365	0.0490280538797378	sub-90077	ses-1		dir-AP	acq-multiband	space-ACPC			DSIStudio	autotrackgqi
Association_ExtremeCapsuleL	tf	NODDI	/scratch/grmpy/SLURM_11194840_134/job-11194840-134-sub-90077/ds/inputs/data/qsiprep/qsiprep/sub-90077/ses-1/dwi/sub-90077_ses-1_acq-multiband_dir-AP_space-ACPC_desc-preproc_dwi.nii.gz	0.005871990604815	0.8755567	0.16106798	0.8996042	0.88072836	0.90017223	0.14676966	0.8917356	0.8920670747756958	sub-90077	ses-1		dir-AP	acq-multiband	space-ACPC			DSIStudio	autotrackgqi
Association_ArcuateFasciculusR	directions	NODDI	/scratch/grmpy/SLURM_11194840_134/job-11194840-134-sub-90077/ds/inputs/data/qsiprep/qsiprep/sub-90077/ses-1/dwi/sub-90077_ses-1_acq-multiband_dir-AP_space-ACPC_desc-preproc_dwi.nii.gz	0.0	-0.06953966	0.57314706	-0.11532414	-0.06953966	-0.11532414	0.57314706	-0.037184834		sub-90077	ses-1		dir-AP	acq-multiband	space-ACPC			DSIStudio	autotrackgqi
Association_ArcuateFasciculusR	icvf	NODDI	/scratch/grmpy/SLURM_11194840_134/job-11194840-134-sub-90077/ds/inputs/data/qsiprep/qsiprep/sub-90077/ses-1/dwi/sub-90077_ses-1_acq-multiband_dir-AP_space-ACPC_desc-preproc_dwi.nii.gz	0.0	0.5597887	0.1029589	0.57316625	0.5597887	0.57316625	0.1029589	0.59574807	0.5957480669021606	sub-90077	ses-1		dir-AP	acq-multiband	space-ACPC			DSIStudio	autotrackgqi
Association_ArcuateFasciculusR	isovf	NODDI	/scratch/grmpy/SLURM_11194840_134/job-11194840-134-sub-90077/ds/inputs/data/qsiprep/qsiprep/sub-90077/ses-1/dwi/sub-90077_ses-1_acq-multiband_dir-AP_space-ACPC_desc-preproc_dwi.nii.gz	0.2259459459459459	0.09884612	0.10774041	0.09316554	0.12769926	0.11630902	0.10635713	0.121116474	0.1308805644512176	sub-90077	ses-1		dir-AP	acq-multiband	space-ACPC			DSIStudio	autotrackgqi
Association_ArcuateFasciculusR	modulated_icvf	NODDI	/scratch/grmpy/SLURM_11194840_134/job-11194840-134-sub-90077/ds/inputs/data/qsiprep/qsiprep/sub-90077/ses-1/dwi/sub-90077_ses-1_acq-multiband_dir-AP_space-ACPC_desc-preproc_dwi.nii.gz	0.0	0.5002144	0.089014605	0.5178885	0.5002144	0.5178885	0.089014605	0.5212903	0.5212903022766113	sub-90077	ses-1		dir-AP	acq-multiband	space-ACPC			DSIStudio	autotrackgqi
Association_ArcuateFasciculusR	modulated_od	NODDI	/scratch/grmpy/SLURM_11194840_134/job-11194840-134-sub-90077/ds/inputs/data/qsiprep/qsiprep/sub-90077/ses-1/dwi/sub-90077_ses-1_acq-multiband_dir-AP_space-ACPC_desc-preproc_dwi.nii.gz	0.0	0.27756605	0.15669897	0.25703588	0.27756605	0.25703588	0.15669897	0.22679003	0.2267900258302688	sub-90077	ses-1		dir-AP	acq-multiband	space-ACPC			DSIStudio	autotrackgqi
Association_ArcuateFasciculusR	nrmse	NODDI	/scratch/grmpy/SLURM_11194840_134/job-11194840-134-sub-90077/ds/inputs/data/qsiprep/qsiprep/sub-90077/ses-1/dwi/sub-90077_ses-1_acq-multiband_dir-AP_space-ACPC_desc-preproc_dwi.nii.gz	0.0	0.08750157	0.02158452	0.08633928	0.08750157	0.08633928	0.02158452	0.09112089	0.0911208912730217	sub-90077	ses-1		dir-AP	acq-multiband	space-ACPC			DSIStudio	autotrackgqi
Association_ArcuateFasciculusR	od	NODDI	/scratch/grmpy/SLURM_11194840_134/job-11194840-134-sub-90077/ds/inputs/data/qsiprep/qsiprep/sub-90077/ses-1/dwi/sub-90077_ses-1_acq-multiband_dir-AP_space-ACPC_desc-preproc_dwi.nii.gz	0.0	0.30943304	0.1693256	0.29667485	0.30943304	0.29667485	0.1693256	0.25875038	0.2587503790855407	sub-90077	ses-1		dir-AP	acq-multiband	space-ACPC			DSIStudio	autotrackgqi
Association_ArcuateFasciculusR	rmse	NODDI	/scratch/grmpy/SLURM_11194840_134/job-11194840-134-sub-90077/ds/inputs/data/qsiprep/qsiprep/sub-90077/ses-1/dwi/sub-90077_ses-1_acq-multiband_dir-AP_space-ACPC_desc-preproc_dwi.nii.gz	0.0	0.04553323	0.011959017	0.044996724	0.04553323	0.044996724	0.011959017	0.047618963	0.0476189628243446	sub-90077	ses-1		dir-AP	acq-multiband	space-ACPC			DSIStudio	autotrackgqi
Association_ArcuateFasciculusR	tf	NODDI	/scratch/grmpy/SLURM_11194840_134/job-11194840-134-sub-90077/ds/inputs/data/qsiprep/qsiprep/sub-90077/ses-1/dwi/sub-90077_ses-1_acq-multiband_dir-AP_space-ACPC_desc-preproc_dwi.nii.gz	0.0	0.9011539	0.10774041	0.9068345	0.9011539	0.9068345	0.10774041	0.8788835	0.8788834810256958	sub-90077	ses-1		dir-AP	acq-multiband	space-ACPC			DSIStudio	autotrackgqi
Association_FrontalAslantTractL	directions	NODDI	/scratch/grmpy/SLURM_11194840_134/job-11194840-134-sub-90077/ds/inputs/data/qsiprep/qsiprep/sub-90077/ses-1/dwi/sub-90077_ses-1_acq-multiband_dir-AP_space-ACPC_desc-preproc_dwi.nii.gz	0.0	-0.064437345	0.5737431	-0.13300622	-0.064437345	-0.13300622	0.5737431	-0.33284324		sub-90077	ses-1		dir-AP	acq-multiband	space-ACPC			DSIStudio	autotrackgqi
Association_FrontalAslantTractL	icvf	NODDI	/scratch/grmpy/SLURM_11194840_134/job-11194840-134-sub-90077/ds/inputs/data/qsiprep/qsiprep/sub-90077/ses-1/dwi/sub-90077_ses-1_acq-multiband_dir-AP_space-ACPC_desc-preproc_dwi.nii.gz	0.0022267206477732	0.5389305	0.13716206	0.5315422	0.5401332	0.5320798	0.13492881	0.5987559	0.5988451242446899	sub-90077	ses-1		dir-AP	acq-multiband	space-ACPC			DSIStudio	autotrackgqi
Association_FrontalAslantTractL	isovf	NODDI	/scratch/grmpy/SLURM_11194840_134/job-11194840-134-sub-90077/ds/inputs/data/qsiprep/qsiprep/sub-90077/ses-1/dwi/sub-90077_ses-1_acq-multiband_dir-AP_space-ACPC_desc-preproc_dwi.nii.gz	0.3016194331983806	0.119844556	0.15968005	0.092846945	0.17160352	0.13483039	0.166216	0.12777317	0.146109402179718	sub-90077	ses-1		dir-AP	acq-multiband	space-ACPC			DSIStudio	autotrackgqi
Association_FrontalAslantTractL	modulated_icvf	NODDI	/scratch/grmpy/SLURM_11194840_134/job-11194840-134-sub-90077/ds/inputs/data/qsiprep/qsiprep/sub-90077/ses-1/dwi/sub-90077_ses-1_acq-multiband_dir-AP_space-ACPC_desc-preproc_dwi.nii.gz	0.0022267206477732	0.46512267	0.110568024	0.4774776	0.46616068	0.4776347	0.1084836	0.51666695	0.5167439579963684	sub-90077	ses-1		dir-AP	acq-multiband	space-ACPC			DSIStudio	autotrackgqi
Association_FrontalAslantTractL	modulated_od	NODDI	/scratch/grmpy/SLURM_11194840_134/job-11194840-134-sub-90077/ds/inputs/data/qsiprep/qsiprep/sub-90077/ses-1/dwi/sub-90077_ses-1_acq-multiband_dir-AP_space-ACPC_desc-preproc_dwi.nii.gz	0.0016194331983805	0.3037879	0.16448991	0.27693492	0.30428064	0.27722266	0.16416724	0.23651725	0.2365350127220153	sub-90077	ses-1		dir-AP	acq-multiband	space-ACPC			DSIStudio	autotrackgqi
Association_FrontalAslantTractL	nrmse	NODDI	/scratch/grmpy/SLURM_11194840_134/job-11194840-134-sub-90077/ds/inputs/data/qsiprep/qsiprep/sub-90077/ses-1/dwi/sub-90077_ses-1_acq-multiband_dir-AP_space-ACPC_desc-preproc_dwi.nii.gz	0.0	0.093989335	0.03135413	0.089177586	0.093989335	0.089177586	0.03135413	0.09777719	0.0977771878242492	sub-90077	ses-1		dir-AP	acq-multiband	space-ACPC			DSIStudio	autotrackgqi
Association_FrontalAslantTractL	od	NODDI	/scratch/grmpy/SLURM_11194840_134/job-11194840-134-sub-90077/ds/inputs/data/qsiprep/qsiprep/sub-90077/ses-1/dwi/sub-90077_ses-1_acq-multiband_dir-AP_space-ACPC_desc-preproc_dwi.nii.gz	0.0	0.34972107	0.17731921	0.32423416	0.34972107	0.32423416	0.17731921	0.2705918	0.2705917954444885	sub-90077	ses-1		dir-AP	acq-multiband	space-ACPC			DSIStudio	autotrackgqi
Association_FrontalAslantTractL	rmse	NODDI	/scratch/grmpy/SLURM_11194840_134/job-11194840-134-sub-90077/ds/inputs/data/qsiprep/qsiprep/sub-90077/ses-1/dwi/sub-90077_ses-1_acq-multiband_dir-AP_space-ACPC_desc-preproc_dwi.nii.gz	0.0	0.047868837	0.025549535	0.045237206	0.047868837	0.045237206	0.025549535	0.050848126	0.0508481264114379	sub-90077	ses-1		dir-AP	acq-multiband	space-ACPC			DSIStudio	autotrackgqi
Association_FrontalAslantTractL	tf	NODDI	/scratch/grmpy/SLURM_11194840_134/job-11194840-134-sub-90077/ds/inputs/data/qsiprep/qsiprep/sub-90077/ses-1/dwi/sub-90077_ses-1_acq-multiband_dir-AP_space-ACPC_desc-preproc_dwi.nii.gz	0.0022267206477732	0.88015544	0.15968005	0.90715307	0.88211966	0.9076119	0.15434356	0.87222683	0.8723568320274353	sub-90077	ses-1		dir-AP	acq-multiband	space-ACPC			DSIStudio	autotrackgqi
Association_FrontalAslantTractR	directions	NODDI	/scratch/grmpy/SLURM_11194840_134/job-11194840-134-sub-90077/ds/inputs/data/qsiprep/qsiprep/sub-90077/ses-1/dwi/sub-90077_ses-1_acq-multiband_dir-AP_space-ACPC_desc-preproc_dwi.nii.gz	0.0	-0.029625544	0.5765897	-0.068884745	-0.029625544	-0.068884745	0.5765897	-0.02899763		sub-90077	ses-1		dir-AP	acq-multiband	space-ACPC			DSIStudio	autotrackgqi
Association_FrontalAslantTractR	icvf	NODDI	/scratch/grmpy/SLURM_11194840_134/job-11194840-134-sub-90077/ds/inputs/data/qsiprep/qsiprep/sub-90077/ses-1/dwi/sub-90077_ses-1_acq-multiband_dir-AP_space-ACPC_desc-preproc_dwi.nii.gz	0.002197265625	0.5441456	0.120875336	0.5477346	0.5453439	0.5481371	0.11827745	0.5898371	0.5899327993392944	sub-90077	ses-1		dir-AP	acq-multiband	space-ACPC			DSIStudio	autotrackgqi
Association_FrontalAslantTractR	isovf	NODDI	/scratch/grmpy/SLURM_11194840_134/job-11194840-134-sub-90077/ds/inputs/data/qsiprep/qsiprep/sub-90077/ses-1/dwi/sub-90077_ses-1_acq-multiband_dir-AP_space-ACPC_desc-preproc_dwi.nii.gz	0.2529296875	0.12500691	0.14763391	0.103439905	0.16732952	0.14061773	0.14863773	0.14089209	0.1621406227350235	sub-90077	ses-1		dir-AP	acq-multiband	space-ACPC			DSIStudio	autotrackgqi
Association_FrontalAslantTractR	modulated_icvf	NODDI	/scratch/grmpy/SLURM_11194840_134/job-11194840-134-sub-90077/ds/inputs/data/qsiprep/qsiprep/sub-90077/ses-1/dwi/sub-90077_ses-1_acq-multiband_dir-AP_space-ACPC_desc-preproc_dwi.nii.gz	0.002197265625	0.46956772	0.10026614	0.48112142	0.47060177	0.48130047	0.09792252	0.5004524	0.5005335807800293	sub-90077	ses-1		dir-AP	acq-multiband	space-ACPC			DSIStudio	autotrackgqi
Association_FrontalAslantTractR	modulated_od	NODDI	/scratch/grmpy/SLURM_11194840_134/job-11194840-134-sub-90077/ds/inputs/data/qsiprep/qsiprep/sub-90077/ses-1/dwi/sub-90077_ses-1_acq-multiband_dir-AP_space-ACPC_desc-preproc_dwi.nii.gz	0.000732421875	0.27676708	0.14841694	0.25828314	0.27696994	0.25833476	0.14828198	0.2224614	0.2224820852279663	sub-90077	ses-1		dir-AP	acq-multiband	space-ACPC			DSIStudio	autotrackgqi
Association_FrontalAslantTractR	nrmse	NODDI	/scratch/grmpy/SLURM_11194840_134/job-11194840-134-sub-90077/ds/inputs/data/qsiprep/qsiprep/sub-90077/ses-1/dwi/sub-90077_ses-1_acq-multiband_dir-AP_space-ACPC_desc-preproc_dwi.nii.gz	0.0	0.08675775	0.019781815	0.08538029	0.08675775	0.08538029	0.019781815	0.09152229	0.0915222913026809	sub-90077	ses-1		dir-AP	acq-multiband	space-ACPC			DSIStudio	autotrackgqi
Association_FrontalAslantTractR	od	NODDI	/scratch/grmpy/SLURM_11194840_134/job-11194840-134-sub-90077/ds/inputs/data/qsiprep/qsiprep/sub-90077/ses-1/dwi/sub-90077_ses-1_acq-multiband_dir-AP_space-ACPC_desc-preproc_dwi.nii.gz	0.0	0.32351124	0.17057656	0.30371368	0.32351124	0.30371368	0.17057656	0.2601992	0.2601991891860962	sub-90077	ses-1		dir-AP	acq-multiband	space-ACPC			DSIStudio	autotrackgqi
Association_FrontalAslantTractR	rmse	NODDI	/scratch/grmpy/SLURM_11194840_134/job-11194840-134-sub-90077/ds/inputs/data/qsiprep/qsiprep/sub-90077/ses-1/dwi/sub-90077_ses-1_acq-multiband_dir-AP_space-ACPC_desc-preproc_dwi.nii.gz	0.0	0.043948	0.010757617	0.043400653	0.043948	0.043400653	0.010757617	0.04689416	0.0468941591680049	sub-90077	ses-1		dir-AP	acq-multiband	space-ACPC			DSIStudio	autotrackgqi
Association_FrontalAslantTractR	tf	NODDI	/scratch/grmpy/SLURM_11194840_134/job-11194840-134-sub-90077/ds/inputs/data/qsiprep/qsiprep/sub-90077/ses-1/dwi/sub-90077_ses-1_acq-multiband_dir-AP_space-ACPC_desc-preproc_dwi.nii.gz	0.002197265625	0.8749931	0.14763391	0.8965601	0.8769199	0.8967356	0.14196514	0.8591079	0.8592473268508911	sub-90077	ses-1		dir-AP	acq-multiband	space-ACPC			DSIStudio	autotrackgqi
Association_UncinateFasciculusL	directions	NODDI	/scratch/grmpy/SLURM_11194840_134/job-11194840-134-sub-90077/ds/inputs/data/qsiprep/qsiprep/sub-90077/ses-1/dwi/sub-90077_ses-1_acq-multiband_dir-AP_space-ACPC_desc-preproc_dwi.nii.gz	31.0	-0.0451937	0.5741363	-0.0721932	-0.045419667	-0.07818295	0.5755609	-0.09491392		sub-90077	ses-1		dir-AP	acq-multiband	space-ACPC			DSIStudio	autotrackgqi
Association_UncinateFasciculusL	icvf	NODDI	/scratch/grmpy/SLURM_11194840_134/job-11194840-134-sub-90077/ds/inputs/data/qsiprep/qsiprep/sub-90077/ses-1/dwi/sub-90077_ses-1_acq-multiband_dir-AP_space-ACPC_desc-preproc_dwi.nii.gz	0.0099502487562189	0.49658406	0.15200865	0.4634528	0.5015749	0.46468803	0.14434542	0.51986015	0.5204812288284302	sub-90077	ses-1		dir-AP	acq-multiband	space-ACPC			DSIStudio	autotrackgqi
Association_UncinateFasciculusL	isovf	NODDI	/scratch/grmpy/SLURM_11194840_134/job-11194840-134-sub-90077/ds/inputs/data/qsiprep/qsiprep/sub-90077/ses-1/dwi/sub-90077_ses-1_acq-multiband_dir-AP_space-ACPC_desc-preproc_dwi.nii.gz	0.4015406836783823	0.11939262	0.18605733	0.04704973	0.19949998	0.14074364	0.20460367	0.10952334	0.1479175984859466	sub-90077	ses-1		dir-AP	acq-multiband	space-ACPC			DSIStudio	autotrackgqi
Association_UncinateFasciculusL	modulated_icvf	NODDI	/scratch/grmpy/SLURM_11194840_134/job-11194840-134-sub-90077/ds/inputs/data/qsiprep/qsiprep/sub-90077/ses-1/dwi/sub-90077_ses-1_acq-multiband_dir-AP_space-ACPC_desc-preproc_dwi.nii.gz	0.0099502487562189	0.4197772	0.10005216	0.42363638	0.4239961	0.42363638	0.09122642	0.4544617	0.4550046324729919	sub-90077	ses-1		dir-AP	acq-multiband	space-ACPC			DSIStudio	autotrackgqi
Association_UncinateFasciculusL	modulated_od	NODDI	/scratch/grmpy/SLURM_11194840_134/job-11194840-134-sub-90077/ds/inputs/data/qsiprep/qsiprep/sub-90077/ses-1/dwi/sub-90077_ses-1_acq-multiband_dir-AP_space-ACPC_desc-preproc_dwi.nii.gz	0.0049751243781094	0.321962	0.17889217	0.29922074	0.32357183	0.30022347	0.17788066	0.23945026	0.2395331263542175	sub-90077	ses-1		dir-AP	acq-multiband	space-ACPC			DSIStudio	autotrackgqi
Association_UncinateFasciculusL	nrmse	NODDI	/scratch/grmpy/SLURM_11194840_134/job-11194840-134-sub-90077/ds/inputs/data/qsiprep/qsiprep/sub-90077/ses-1/dwi/sub-90077_ses-1_acq-multiband_dir-AP_space-ACPC_desc-preproc_dwi.nii.gz	0.0049751243781094	0.116611354	0.057323866	0.104154594	0.117194414	0.10441686	0.05686937	0.111586705	0.1116253286600112	sub-90077	ses-1		dir-AP	acq-multiband	space-ACPC			DSIStudio	autotrackgqi
Association_UncinateFasciculusL	od	NODDI	/scratch/grmpy/SLURM_11194840_134/job-11194840-134-sub-90077/ds/inputs/data/qsiprep/qsiprep/sub-90077/ses-1/dwi/sub-90077_ses-1_acq-multiband_dir-AP_space-ACPC_desc-preproc_dwi.nii.gz	0.0049751243781094	0.37204188	0.18869162	0.35743856	0.37390208	0.35802388	0.18731527	0.27224177	0.2723360061645508	sub-90077	ses-1		dir-AP	acq-multiband	space-ACPC			DSIStudio	autotrackgqi
Association_UncinateFasciculusL	rmse	NODDI	/scratch/grmpy/SLURM_11194840_134/job-11194840-134-sub-90077/ds/inputs/data/qsiprep/qsiprep/sub-90077/ses-1/dwi/sub-90077_ses-1_acq-multiband_dir-AP_space-ACPC_desc-preproc_dwi.nii.gz	0.0049751243781094	0.0588909	0.041213926	0.05179355	0.05918536	0.051908486	0.041105393	0.056529593	0.0565491579473018	sub-90077	ses-1		dir-AP	acq-multiband	space-ACPC			DSIStudio	autotrackgqi
Association_UncinateFasciculusL	tf	NODDI	/scratch/grmpy/SLURM_11194840_134/job-11194840-134-sub-90077/ds/inputs/data/qsiprep/qsiprep/sub-90077/ses-1/dwi/sub-90077_ses-1_acq-multiband_dir-AP_space-ACPC_desc-preproc_dwi.nii.gz	0.0099502487562189	0.8756322	0.19590741	0.9501503	0.88443255	0.95295024	0.17601746	0.89013064	0.8911940455436707	sub-90077	ses-1		dir-AP	acq-multiband	space-ACPC			DSIStudio	autotrackgqi
Association_InferiorFrontoOccipitalFasciculusL	directions	NODDI	/scratch/grmpy/SLURM_11194840_134/job-11194840-134-sub-90077/ds/inputs/data/qsiprep/qsiprep/sub-90077/ses-1/dwi/sub-90077_ses-1_acq-multiband_dir-AP_space-ACPC_desc-preproc_dwi.nii.gz	30.0	-0.070954874	0.5721125	-0.1227348	-0.07116538	-0.12566711	0.57294744	-0.21666712		sub-90077	ses-1		dir-AP	acq-multiband	space-ACPC			DSIStudio	autotrackgqi
Association_InferiorFrontoOccipitalFasciculusL	icvf	NODDI	/scratch/grmpy/SLURM_11194840_134/job-11194840-134-sub-90077/ds/inputs/data/qsiprep/qsiprep/sub-90077/ses-1/dwi/sub-90077_ses-1_acq-multiband_dir-AP_space-ACPC_desc-preproc_dwi.nii.gz	0.0053243936107276	0.53646576	0.11740103	0.5377277	0.5393374	0.53858757	0.11094141	0.5795762	0.5796926617622375	sub-90077	ses-1		dir-AP	acq-multiband	space-ACPC			DSIStudio	autotrackgqi
Association_InferiorFrontoOccipitalFasciculusL	isovf	NODDI	/scratch/grmpy/SLURM_11194840_134/job-11194840-134-sub-90077/ds/inputs/data/qsiprep/qsiprep/sub-90077/ses-1/dwi/sub-90077_ses-1_acq-multiband_dir-AP_space-ACPC_desc-preproc_dwi.nii.gz	0.2553736935515677	0.09994946	0.12676097	0.07842155	0.13422768	0.10938077	0.1302996	0.10362387	0.1170185804367065	sub-90077	ses-1		dir-AP	acq-multiband	space-ACPC			DSIStudio	autotrackgqi
Association_InferiorFrontoOccipitalFasciculusL	modulated_icvf	NODDI	/scratch/grmpy/SLURM_11194840_134/job-11194840-134-sub-90077/ds/inputs/data/qsiprep/qsiprep/sub-90077/ses-1/dwi/sub-90077_ses-1_acq-multiband_dir-AP_space-ACPC_desc-preproc_dwi.nii.gz	0.0053243936107276	0.47710663	0.095490865	0.48852456	0.47966054	0.48896098	0.08911964	0.51582944	0.5159330368041992	sub-90077	ses-1		dir-AP	acq-multiband	space-ACPC			DSIStudio	autotrackgqi
Association_InferiorFrontoOccipitalFasciculusL	modulated_od	NODDI	/scratch/grmpy/SLURM_11194840_134/job-11194840-134-sub-90077/ds/inputs/data/qsiprep/qsiprep/sub-90077/ses-1/dwi/sub-90077_ses-1_acq-multiband_dir-AP_space-ACPC_desc-preproc_dwi.nii.gz	0.0035495957404851	0.27792963	0.1831301	0.24444047	0.27891967	0.24501708	0.18270181	0.13771558	0.1377319395542144	sub-90077	ses-1		dir-AP	acq-multiband	space-ACPC			DSIStudio	autotrackgqi
Association_InferiorFrontoOccipitalFasciculusL	nrmse	NODDI	/scratch/grmpy/SLURM_11194840_134/job-11194840-134-sub-90077/ds/inputs/data/qsiprep/qsiprep/sub-90077/ses-1/dwi/sub-90077_ses-1_acq-multiband_dir-AP_space-ACPC_desc-preproc_dwi.nii.gz	0.0029579964504042	0.09817042	0.038257305	0.09233144	0.09846167	0.09243768	0.03793793	0.09934602	0.099354550242424	sub-90077	ses-1		dir-AP	acq-multiband	space-ACPC			DSIStudio	autotrackgqi
Association_InferiorFrontoOccipitalFasciculusL	od	NODDI	/scratch/grmpy/SLURM_11194840_134/job-11194840-134-sub-90077/ds/inputs/data/qsiprep/qsiprep/sub-90077/ses-1/dwi/sub-90077_ses-1_acq-multiband_dir-AP_space-ACPC_desc-preproc_dwi.nii.gz	0.0029579964504042	0.30844757	0.19363864	0.27602202	0.30936268	0.27711028	0.19319439	0.15368016	0.1536933481693267	sub-90077	ses-1		dir-AP	acq-multiband	space-ACPC			DSIStudio	autotrackgqi
Association_InferiorFrontoOccipitalFasciculusL	rmse	NODDI	/scratch/grmpy/SLURM_11194840_134/job-11194840-134-sub-90077/ds/inputs/data/qsiprep/qsiprep/sub-90077/ses-1/dwi/sub-90077_ses-1_acq-multiband_dir-AP_space-ACPC_desc-preproc_dwi.nii.gz	0.0029579964504042	0.05039924	0.022011196	0.04740444	0.050548766	0.047454964	0.021871716	0.052339394	0.0523438900709152	sub-90077	ses-1		dir-AP	acq-multiband	space-ACPC			DSIStudio	autotrackgqi
Association_InferiorFrontoOccipitalFasciculusL	tf	NODDI	/scratch/grmpy/SLURM_11194840_134/job-11194840-134-sub-90077/ds/inputs/data/qsiprep/qsiprep/sub-90077/ses-1/dwi/sub-90077_ses-1_acq-multiband_dir-AP_space-ACPC_desc-preproc_dwi.nii.gz	0.0053243936107276	0.8970925	0.13574348	0.92084354	0.90189457	0.921571	0.11913854	0.89629024	0.8964704275131226	sub-90077	ses-1		dir-AP	acq-multiband	space-ACPC			DSIStudio	autotrackgqi
Association_ParietalAslantTractR	directions	NODDI	/scratch/grmpy/SLURM_11194840_134/job-11194840-134-sub-90077/ds/inputs/data/qsiprep/qsiprep/sub-90077/ses-1/dwi/sub-90077_ses-1_acq-multiband_dir-AP_space-ACPC_desc-preproc_dwi.nii.gz	23.0	-0.09953081	0.5676241	-0.13481805	-0.09989938	-0.13854395	0.5686417	-0.23146038		sub-90077	ses-1		dir-AP	acq-multiband	space-ACPC			DSIStudio	autotrackgqi
Association_ParietalAslantTractR	icvf	NODDI	/scratch/grmpy/SLURM_11194840_134/job-11194840-134-sub-90077/ds/inputs/data/qsiprep/qsiprep/sub-90077/ses-1/dwi/sub-90077_ses-1_acq-multiband_dir-AP_space-ACPC_desc-preproc_dwi.nii.gz	0.0038498556304138	0.49828115	0.10404627	0.4834177	0.5002069	0.48403794	0.09951986	0.5479469	0.5480998754501343	sub-90077	ses-1		dir-AP	acq-multiband	space-ACPC			DSIStudio	autotrackgqi
Association_ParietalAslantTractR	isovf	NODDI	/scratch/grmpy/SLURM_11194840_134/job-11194840-134-sub-90077/ds/inputs/data/qsiprep/qsiprep/sub-90077/ses-1/dwi/sub-90077_ses-1_acq-multiband_dir-AP_space-ACPC_desc-preproc_dwi.nii.gz	0.4157844080846968	0.073900305	0.10893017	0.036378212	0.12649493	0.107921645	0.11686603	0.09468357	0.1190417557954788	sub-90077	ses-1		dir-AP	acq-multiband	space-ACPC			DSIStudio	autotrackgqi
Association_ParietalAslantTractR	modulated_icvf	NODDI	/scratch/grmpy/SLURM_11194840_134/job-11194840-134-sub-90077/ds/inputs/data/qsiprep/qsiprep/sub-90077/ses-1/dwi/sub-90077_ses-1_acq-multiband_dir-AP_space-ACPC_desc-preproc_dwi.nii.gz	0.0038498556304138	0.45720333	0.08915149	0.46353012	0.4589703	0.4639275	0.08466237	0.49267358	0.4928111135959625	sub-90077	ses-1		dir-AP	acq-multiband	space-ACPC			DSIStudio	autotrackgqi
Association_ParietalAslantTractR	modulated_od	NODDI	/scratch/grmpy/SLURM_11194840_134/job-11194840-134-sub-90077/ds/inputs/data/qsiprep/qsiprep/sub-90077/ses-1/dwi/sub-90077_ses-1_acq-multiband_dir-AP_space-ACPC_desc-preproc_dwi.nii.gz	0.0036894449791466	0.33092916	0.18913037	0.2988363	0.33215463	0.29990408	0.18840306	0.23792657	0.2379903793334961	sub-90077	ses-1		dir-AP	acq-multiband	space-ACPC			DSIStudio	autotrackgqi
Association_ParietalAslantTractR	nrmse	NODDI	/scratch/grmpy/SLURM_11194840_134/job-11194840-134-sub-90077/ds/inputs/data/qsiprep/qsiprep/sub-90077/ses-1/dwi/sub-90077_ses-1_acq-multiband_dir-AP_space-ACPC_desc-preproc_dwi.nii.gz	0.0036894449791466	0.08133782	0.030759249	0.07703683	0.081639014	0.07715616	0.030414553	0.08318208	0.0832043886184692	sub-90077	ses-1		dir-AP	acq-multiband	space-ACPC			DSIStudio	autotrackgqi
Association_ParietalAslantTractR	od	NODDI	/scratch/grmpy/SLURM_11194840_134/job-11194840-134-sub-90077/ds/inputs/data/qsiprep/qsiprep/sub-90077/ses-1/dwi/sub-90077_ses-1_acq-multiband_dir-AP_space-ACPC_desc-preproc_dwi.nii.gz	0.0036894449791466	0.35521054	0.19404097	0.32419056	0.35652593	0.32467768	0.19318996	0.25901145	0.2590809166431427	sub-90077	ses-1		dir-AP	acq-multiband	space-ACPC			DSIStudio	autotrackgqi
Association_ParietalAslantTractR	rmse	NODDI	/scratch/grmpy/SLURM_11194840_134/job-11194840-134-sub-90077/ds/inputs/data/qsiprep/qsiprep/sub-90077/ses-1/dwi/sub-90077_ses-1_acq-multiband_dir-AP_space-ACPC_desc-preproc_dwi.nii.gz	0.0036894449791466	0.041330826	0.015879791	0.03935296	0.04148388	0.0394033	0.015708353	0.042965814	0.0429773330688476	sub-90077	ses-1		dir-AP	acq-multiband	space-ACPC			DSIStudio	autotrackgqi
Association_ParietalAslantTractR	tf	NODDI	/scratch/grmpy/SLURM_11194840_134/job-11194840-134-sub-90077/ds/inputs/data/qsiprep/qsiprep/sub-90077/ses-1/dwi/sub-90077_ses-1_acq-multiband_dir-AP_space-ACPC_desc-preproc_dwi.nii.gz	0.0038498556304138	0.92241025	0.12245944	0.96242756	0.92597514	0.96302533	0.108412586	0.9050483	0.9053010940551758	sub-90077	ses-1		dir-AP	acq-multiband	space-ACPC			DSIStudio	autotrackgqi
Association_CingulumR	directions	NODDI	/scratch/grmpy/SLURM_11194840_134/job-11194840-134-sub-90077/ds/inputs/data/qsiprep/qsiprep/sub-90077/ses-1/dwi/sub-90077_ses-1_acq-multiband_dir-AP_space-ACPC_desc-preproc_dwi.nii.gz	10.0	-0.012321503	0.5769216	-0.025748547	-0.012334194	-0.027014136	0.57721853	0.07075989		sub-90077	ses-1		dir-AP	acq-multiband	space-ACPC			DSIStudio	autotrackgqi
Association_CingulumR	icvf	NODDI	/scratch/grmpy/SLURM_11194840_134/job-11194840-134-sub-90077/ds/inputs/data/qsiprep/qsiprep/sub-90077/ses-1/dwi/sub-90077_ses-1_acq-multiband_dir-AP_space-ACPC_desc-preproc_dwi.nii.gz	0.0048358884658915	0.507474	0.1570222	0.46445024	0.50994	0.4651268	0.15335666	0.54767	0.5479583740234375	sub-90077	ses-1		dir-AP	acq-multiband	space-ACPC			DSIStudio	autotrackgqi
Association_CingulumR	isovf	NODDI	/scratch/grmpy/SLURM_11194840_134/job-11194840-134-sub-90077/ds/inputs/data/qsiprep/qsiprep/sub-90077/ses-1/dwi/sub-90077_ses-1_acq-multiband_dir-AP_space-ACPC_desc-preproc_dwi.nii.gz	0.3653668072847	0.13979745	0.20436417	0.062968954	0.2202807	0.15015951	0.21927223	0.123405874	0.1582401245832443	sub-90077	ses-1		dir-AP	acq-multiband	space-ACPC			DSIStudio	autotrackgqi
Association_CingulumR	modulated_icvf	NODDI	/scratch/grmpy/SLURM_11194840_134/job-11194840-134-sub-90077/ds/inputs/data/qsiprep/qsiprep/sub-90077/ses-1/dwi/sub-90077_ses-1_acq-multiband_dir-AP_space-ACPC_desc-preproc_dwi.nii.gz	0.0048358884658915	0.415991	0.10004958	0.42363638	0.41801247	0.42363638	0.09598731	0.47115833	0.4714064002037048	sub-90077	ses-1		dir-AP	acq-multiband	space-ACPC			DSIStudio	autotrackgqi
Association_CingulumR	modulated_od	NODDI	/scratch/grmpy/SLURM_11194840_134/job-11194840-134-sub-90077/ds/inputs/data/qsiprep/qsiprep/sub-90077/ses-1/dwi/sub-90077_ses-1_acq-multiband_dir-AP_space-ACPC_desc-preproc_dwi.nii.gz	0.0016462599032822	0.3369439	0.19389619	0.32166857	0.33749953	0.32227123	0.19357224	0.22532073	0.2253296077251434	sub-90077	ses-1		dir-AP	acq-multiband	space-ACPC			DSIStudio	autotrackgqi
Association_CingulumR	nrmse	NODDI	/scratch/grmpy/SLURM_11194840_134/job-11194840-134-sub-90077/ds/inputs/data/qsiprep/qsiprep/sub-90077/ses-1/dwi/sub-90077_ses-1_acq-multiband_dir-AP_space-ACPC_desc-preproc_dwi.nii.gz	0.0010289124395513	0.09904701	0.036363143	0.091712065	0.09914903	0.09172348	0.03624259	0.10126863	0.1012720763683319	sub-90077	ses-1		dir-AP	acq-multiband	space-ACPC			DSIStudio	autotrackgqi
Association_CingulumR	od	NODDI	/scratch/grmpy/SLURM_11194840_134/job-11194840-134-sub-90077/ds/inputs/data/qsiprep/qsiprep/sub-90077/ses-1/dwi/sub-90077_ses-1_acq-multiband_dir-AP_space-ACPC_desc-preproc_dwi.nii.gz	0.0010289124395513	0.39236045	0.19874422	0.39044136	0.39276457	0.39059776	0.19844705	0.24962372	0.2496322244405746	sub-90077	ses-1		dir-AP	acq-multiband	space-ACPC			DSIStudio	autotrackgqi
Association_CingulumR	rmse	NODDI	/scratch/grmpy/SLURM_11194840_134/job-11194840-134-sub-90077/ds/inputs/data/qsiprep/qsiprep/sub-90077/ses-1/dwi/sub-90077_ses-1_acq-multiband_dir-AP_space-ACPC_desc-preproc_dwi.nii.gz	0.0010289124395513	0.047640346	0.015370111	0.04502956	0.047689416	0.045041315	0.015301751	0.051345598	0.0513473562896251	sub-90077	ses-1		dir-AP	acq-multiband	space-ACPC			DSIStudio	autotrackgqi
Association_CingulumR	tf	NODDI	/scratch/grmpy/SLURM_11194840_134/job-11194840-134-sub-90077/ds/inputs/data/qsiprep/qsiprep/sub-90077/ses-1/dwi/sub-90077_ses-1_acq-multiband_dir-AP_space-ACPC_desc-preproc_dwi.nii.gz	0.0048358884658915	0.85917366	0.20616713	0.93667763	0.8633487	0.9375009	0.19775465	0.87656	0.8770214915275574	sub-90077	ses-1		dir-AP	acq-multiband	space-ACPC			DSIStudio	autotrackgqi
Association_SuperiorLongitudinalFasciculusR	directions	NODDI	/scratch/grmpy/SLURM_11194840_134/job-11194840-134-sub-90077/ds/inputs/data/qsiprep/qsiprep/sub-90077/ses-1/dwi/sub-90077_ses-1_acq-multiband_dir-AP_space-ACPC_desc-preproc_dwi.nii.gz	0.0	-0.051336765	0.57506335	-0.07891853	-0.051336765	-0.07891853	0.57506335	-0.34755105		sub-90077	ses-1		dir-AP	acq-multiband	space-ACPC			DSIStudio	autotrackgqi
Association_SuperiorLongitudinalFasciculusR	icvf	NODDI	/scratch/grmpy/SLURM_11194840_134/job-11194840-134-sub-90077/ds/inputs/data/qsiprep/qsiprep/sub-90077/ses-1/dwi/sub-90077_ses-1_acq-multiband_dir-AP_space-ACPC_desc-preproc_dwi.nii.gz	0.0031433786250253	0.5290223	0.118703656	0.5134326	0.53069043	0.51399225	0.1151074	0.59675807	0.5970662236213684	sub-90077	ses-1		dir-AP	acq-multiband	space-ACPC			DSIStudio	autotrackgqi
Association_SuperiorLongitudinalFasciculusR	isovf	NODDI	/scratch/grmpy/SLURM_11194840_134/job-11194840-134-sub-90077/ds/inputs/data/qsiprep/qsiprep/sub-90077/ses-1/dwi/sub-90077_ses-1_acq-multiband_dir-AP_space-ACPC_desc-preproc_dwi.nii.gz	0.3486108294463597	0.09508119	0.13881429	0.064764276	0.1459668	0.1137193	0.14884357	0.10007648	0.1187722384929657	sub-90077	ses-1		dir-AP	acq-multiband	space-ACPC			DSIStudio	autotrackgqi
Association_SuperiorLongitudinalFasciculusR	modulated_icvf	NODDI	/scratch/grmpy/SLURM_11194840_134/job-11194840-134-sub-90077/ds/inputs/data/qsiprep/qsiprep/sub-90077/ses-1/dwi/sub-90077_ses-1_acq-multiband_dir-AP_space-ACPC_desc-preproc_dwi.nii.gz	0.0031433786250253	0.47329375	0.09861463	0.48200455	0.4747862	0.4824938	0.09511533	0.5330458	0.5333210229873657	sub-90077	ses-1		dir-AP	acq-multiband	space-ACPC			DSIStudio	autotrackgqi
Association_SuperiorLongitudinalFasciculusR	modulated_od	NODDI	/scratch/grmpy/SLURM_11194840_134/job-11194840-134-sub-90077/ds/inputs/data/qsiprep/qsiprep/sub-90077/ses-1/dwi/sub-90077_ses-1_acq-multiband_dir-AP_space-ACPC_desc-preproc_dwi.nii.gz	0.000304197931454	0.3062136	0.17411049	0.28321964	0.30630678	0.2832849	0.17405501	0.20918882	0.2091921120882034	sub-90077	ses-1		dir-AP	acq-multiband	space-ACPC			DSIStudio	autotrackgqi
Association_SuperiorLongitudinalFasciculusR	nrmse	NODDI	/scratch/grmpy/SLURM_11194840_134/job-11194840-134-sub-90077/ds/inputs/data/qsiprep/qsiprep/sub-90077/ses-1/dwi/sub-90077_ses-1_acq-multiband_dir-AP_space-ACPC_desc-preproc_dwi.nii.gz	0.0	0.0834595	0.022867361	0.08054587	0.0834595	0.08054587	0.022867361	0.08979138	0.0897913798689842	sub-90077	ses-1		dir-AP	acq-multiband	space-ACPC			DSIStudio	autotrackgqi
Association_SuperiorLongitudinalFasciculusR	od	NODDI	/scratch/grmpy/SLURM_11194840_134/job-11194840-134-sub-90077/ds/inputs/data/qsiprep/qsiprep/sub-90077/ses-1/dwi/sub-90077_ses-1_acq-multiband_dir-AP_space-ACPC_desc-preproc_dwi.nii.gz	0.0	0.34109783	0.18527412	0.318935	0.34109783	0.318935	0.18527412	0.23105514	0.2310551404953003	sub-90077	ses-1		dir-AP	acq-multiband	space-ACPC			DSIStudio	autotrackgqi
Association_SuperiorLongitudinalFasciculusR	rmse	NODDI	/scratch/grmpy/SLURM_11194840_134/job-11194840-134-sub-90077/ds/inputs/data/qsiprep/qsiprep/sub-90077/ses-1/dwi/sub-90077_ses-1_acq-multiband_dir-AP_space-ACPC_desc-preproc_dwi.nii.gz	0.0	0.04263023	0.011826591	0.04122105	0.04263023	0.04122105	0.011826591	0.047529332	0.0475293323397636	sub-90077	ses-1		dir-AP	acq-multiband	space-ACPC			DSIStudio	autotrackgqi
Association_SuperiorLongitudinalFasciculusR	tf	NODDI	/scratch/grmpy/SLURM_11194840_134/job-11194840-134-sub-90077/ds/inputs/data/qsiprep/qsiprep/sub-90077/ses-1/dwi/sub-90077_ses-1_acq-multiband_dir-AP_space-ACPC_desc-preproc_dwi.nii.gz	0.0031433786250253	0.90491885	0.13881429	0.93523574	0.9077723	0.9357281	0.12938264	0.8999235	0.9003881216049194	sub-90077	ses-1		dir-AP	acq-multiband	space-ACPC			DSIStudio	autotrackgqi
Association_VerticalOccipitalFasciculusL	directions	NODDI	/scratch/grmpy/SLURM_11194840_134/job-11194840-134-sub-90077/ds/inputs/data/qsiprep/qsiprep/sub-90077/ses-1/dwi/sub-90077_ses-1_acq-multiband_dir-AP_space-ACPC_desc-preproc_dwi.nii.gz	13.0	-0.04780927	0.5740038	-0.05903238	-0.04803511	-0.06436773	0.57534856	-0.07871649		sub-90077	ses-1		dir-AP	acq-multiband	space-ACPC			DSIStudio	autotrackgqi
Association_VerticalOccipitalFasciculusL	icvf	NODDI	/scratch/grmpy/SLURM_11194840_134/job-11194840-134-sub-90077/ds/inputs/data/qsiprep/qsiprep/sub-90077/ses-1/dwi/sub-90077_ses-1_acq-multiband_dir-AP_space-ACPC_desc-preproc_dwi.nii.gz	0.0047016274864376	0.5324989	0.11695062	0.5330986	0.53501433	0.5334714	0.11133851	0.5904422	0.5906513929367065	sub-90077	ses-1		dir-AP	acq-multiband	space-ACPC			DSIStudio	autotrackgqi
Association_VerticalOccipitalFasciculusL	isovf	NODDI	/scratch/grmpy/SLURM_11194840_134/job-11194840-134-sub-90077/ds/inputs/data/qsiprep/qsiprep/sub-90077/ses-1/dwi/sub-90077_ses-1_acq-multiband_dir-AP_space-ACPC_desc-preproc_dwi.nii.gz	0.3594936708860759	0.06536671	0.09471956	0.042731307	0.102054745	0.08847002	0.101307265	0.07174556	0.0878167599439621	sub-90077	ses-1		dir-AP	acq-multiband	space-ACPC			DSIStudio	autotrackgqi
Association_VerticalOccipitalFasciculusL	modulated_icvf	NODDI	/scratch/grmpy/SLURM_11194840_134/job-11194840-134-sub-90077/ds/inputs/data/qsiprep/qsiprep/sub-90077/ses-1/dwi/sub-90077_ses-1_acq-multiband_dir-AP_space-ACPC_desc-preproc_dwi.nii.gz	0.0047016274864376	0.49368337	0.10016722	0.5058467	0.49601546	0.50646853	0.09446757	0.5448573	0.5450503826141357	sub-90077	ses-1		dir-AP	acq-multiband	space-ACPC			DSIStudio	autotrackgqi
Association_VerticalOccipitalFasciculusL	modulated_od	NODDI	/scratch/grmpy/SLURM_11194840_134/job-11194840-134-sub-90077/ds/inputs/data/qsiprep/qsiprep/sub-90077/ses-1/dwi/sub-90077_ses-1_acq-multiband_dir-AP_space-ACPC_desc-preproc_dwi.nii.gz	0.0047016274864376	0.3726769	0.18625605	0.35500526	0.37443736	0.3563789	0.18492164	0.29234022	0.2924438118934631	sub-90077	ses-1		dir-AP	acq-multiband	space-ACPC			DSIStudio	autotrackgqi
Association_VerticalOccipitalFasciculusL	nrmse	NODDI	/scratch/grmpy/SLURM_11194840_134/job-11194840-134-sub-90077/ds/inputs/data/qsiprep/qsiprep/sub-90077/ses-1/dwi/sub-90077_ses-1_acq-multiband_dir-AP_space-ACPC_desc-preproc_dwi.nii.gz	0.0047016274864376	0.090946205	0.046713207	0.08046992	0.09137582	0.08055383	0.04640232	0.08355506	0.0835846662521362	sub-90077	ses-1		dir-AP	acq-multiband	space-ACPC			DSIStudio	autotrackgqi
Association_VerticalOccipitalFasciculusL	od	NODDI	/scratch/grmpy/SLURM_11194840_134/job-11194840-134-sub-90077/ds/inputs/data/qsiprep/qsiprep/sub-90077/ses-1/dwi/sub-90077_ses-1_acq-multiband_dir-AP_space-ACPC_desc-preproc_dwi.nii.gz	0.0047016274864376	0.39647207	0.18800558	0.38084438	0.39834493	0.38235375	0.18645915	0.31249428	0.3126050233840942	sub-90077	ses-1		dir-AP	acq-multiband	space-ACPC			DSIStudio	autotrackgqi
Association_VerticalOccipitalFasciculusL	rmse	NODDI	/scratch/grmpy/SLURM_11194840_134/job-11194840-134-sub-90077/ds/inputs/data/qsiprep/qsiprep/sub-90077/ses-1/dwi/sub-90077_ses-1_acq-multiband_dir-AP_space-ACPC_desc-preproc_dwi.nii.gz	0.0047016274864376	0.04747362	0.026268559	0.04207274	0.047697876	0.042130865	0.026126618	0.04456526	0.0445810556411743	sub-90077	ses-1		dir-AP	acq-multiband	space-ACPC			DSIStudio	autotrackgqi
Association_VerticalOccipitalFasciculusL	tf	NODDI	/scratch/grmpy/SLURM_11194840_134/job-11194840-134-sub-90077/ds/inputs/data/qsiprep/qsiprep/sub-90077/ses-1/dwi/sub-90077_ses-1_acq-multiband_dir-AP_space-ACPC_desc-preproc_dwi.nii.gz	0.0047016274864376	0.9299317	0.11417818	0.9560847	0.93432456	0.95668644	0.09483616	0.92790025	0.928229033946991	sub-90077	ses-1		dir-AP	acq-multiband	space-ACPC			DSIStudio	autotrackgqi
Association_ArcuateFasciculusL	directions	NODDI	/scratch/grmpy/SLURM_11194840_134/job-11194840-134-sub-90077/ds/inputs/data/qsiprep/qsiprep/sub-90077/ses-1/dwi/sub-90077_ses-1_acq-multiband_dir-AP_space-ACPC_desc-preproc_dwi.nii.gz	48.0	-0.13120094	0.55974513	-0.17465147	-0.13231438	-0.1825368	0.5619842	-0.43032497		sub-90077	ses-1		dir-AP	acq-multiband	space-ACPC			DSIStudio	autotrackgqi
Association_ArcuateFasciculusL	icvf	NODDI	/scratch/grmpy/SLURM_11194840_134/job-11194840-134-sub-90077/ds/inputs/data/qsiprep/qsiprep/sub-90077/ses-1/dwi/sub-90077_ses-1_acq-multiband_dir-AP_space-ACPC_desc-preproc_dwi.nii.gz	0.0122720897615708	0.5248517	0.140687	0.5052908	0.5313727	0.5071482	0.12873866	0.6122882	0.6127030849456787	sub-90077	ses-1		dir-AP	acq-multiband	space-ACPC			DSIStudio	autotrackgqi
Association_ArcuateFasciculusL	isovf	NODDI	/scratch/grmpy/SLURM_11194840_134/job-11194840-134-sub-90077/ds/inputs/data/qsiprep/qsiprep/sub-90077/ses-1/dwi/sub-90077_ses-1_acq-multiband_dir-AP_space-ACPC_desc-preproc_dwi.nii.gz	0.4240883590462833	0.08685399	0.15502295	0.035172217	0.1508113	0.10406486	0.17911822	0.091187105	0.1106082946062088	sub-90077	ses-1		dir-AP	acq-multiband	space-ACPC			DSIStudio	autotrackgqi
Association_ArcuateFasciculusL	modulated_icvf	NODDI	/scratch/grmpy/SLURM_11194840_134/job-11194840-134-sub-90077/ds/inputs/data/qsiprep/qsiprep/sub-90077/ses-1/dwi/sub-90077_ses-1_acq-multiband_dir-AP_space-ACPC_desc-preproc_dwi.nii.gz	0.0122720897615708	0.47012714	0.11590484	0.47911805	0.47596827	0.4809239	0.10402236	0.5517157	0.5520896315574646	sub-90077	ses-1		dir-AP	acq-multiband	space-ACPC			DSIStudio	autotrackgqi
Association_ArcuateFasciculusL	modulated_od	NODDI	/scratch/grmpy/SLURM_11194840_134/job-11194840-134-sub-90077/ds/inputs/data/qsiprep/qsiprep/sub-90077/ses-1/dwi/sub-90077_ses-1_acq-multiband_dir-AP_space-ACPC_desc-preproc_dwi.nii.gz	0.008765778401122	0.3140713	0.1803275	0.28548574	0.31684873	0.28749496	0.17867723	0.19870245	0.1987675130367279	sub-90077	ses-1		dir-AP	acq-multiband	space-ACPC			DSIStudio	autotrackgqi
Association_ArcuateFasciculusL	nrmse	NODDI	/scratch/grmpy/SLURM_11194840_134/job-11194840-134-sub-90077/ds/inputs/data/qsiprep/qsiprep/sub-90077/ses-1/dwi/sub-90077_ses-1_acq-multiband_dir-AP_space-ACPC_desc-preproc_dwi.nii.gz	0.0084151472650771	0.09025988	0.03306531	0.08534971	0.091025874	0.085655406	0.03213826	0.09790908	0.0979402363300323	sub-90077	ses-1		dir-AP	acq-multiband	space-ACPC			DSIStudio	autotrackgqi
Association_ArcuateFasciculusL	od	NODDI	/scratch/grmpy/SLURM_11194840_134/job-11194840-134-sub-90077/ds/inputs/data/qsiprep/qsiprep/sub-90077/ses-1/dwi/sub-90077_ses-1_acq-multiband_dir-AP_space-ACPC_desc-preproc_dwi.nii.gz	0.0084151472650771	0.3485553	0.19014366	0.32139495	0.35151333	0.32308507	0.1882064	0.21642435	0.2164932191371917	sub-90077	ses-1		dir-AP	acq-multiband	space-ACPC			DSIStudio	autotrackgqi
Association_ArcuateFasciculusL	rmse	NODDI	/scratch/grmpy/SLURM_11194840_134/job-11194840-134-sub-90077/ds/inputs/data/qsiprep/qsiprep/sub-90077/ses-1/dwi/sub-90077_ses-1_acq-multiband_dir-AP_space-ACPC_desc-preproc_dwi.nii.gz	0.0084151472650771	0.046180807	0.017173892	0.043877482	0.046572722	0.04401042	0.01670907	0.052565105	0.0525818280875682	sub-90077	ses-1		dir-AP	acq-multiband	space-ACPC			DSIStudio	autotrackgqi
Association_ArcuateFasciculusL	tf	NODDI	/scratch/grmpy/SLURM_11194840_134/job-11194840-134-sub-90077/ds/inputs/data/qsiprep/qsiprep/sub-90077/ses-1/dwi/sub-90077_ses-1_acq-multiband_dir-AP_space-ACPC_desc-preproc_dwi.nii.gz	0.0122720897615708	0.90473086	0.17582569	0.9622104	0.91597176	0.9640626	0.14492217	0.9084947	0.9091103076934814	sub-90077	ses-1		dir-AP	acq-multiband	space-ACPC			DSIStudio	autotrackgqi
Association_VerticalOccipitalFasciculusR	directions	NODDI	/scratch/grmpy/SLURM_11194840_134/job-11194840-134-sub-90077/ds/inputs/data/qsiprep/qsiprep/sub-90077/ses-1/dwi/sub-90077_ses-1_acq-multiband_dir-AP_space-ACPC_desc-preproc_dwi.nii.gz	12.0	-0.060085982	0.57308096	-0.1065359	-0.060321458	-0.10970994	0.57419044	0.026233003		sub-90077	ses-1		dir-AP	acq-multiband	space-ACPC			DSIStudio	autotrackgqi
Association_VerticalOccipitalFasciculusR	icvf	NODDI	/scratch/grmpy/SLURM_11194840_134/job-11194840-134-sub-90077/ds/inputs/data/qsiprep/qsiprep/sub-90077/ses-1/dwi/sub-90077_ses-1_acq-multiband_dir-AP_space-ACPC_desc-preproc_dwi.nii.gz	0.0042290175666883	0.5331024	0.10906853	0.53249395	0.5353665	0.533661	0.10360673	0.5932907	0.5936497449874878	sub-90077	ses-1		dir-AP	acq-multiband	space-ACPC			DSIStudio	autotrackgqi
Association_VerticalOccipitalFasciculusR	isovf	NODDI	/scratch/grmpy/SLURM_11194840_134/job-11194840-134-sub-90077/ds/inputs/data/qsiprep/qsiprep/sub-90077/ses-1/dwi/sub-90077_ses-1_acq-multiband_dir-AP_space-ACPC_desc-preproc_dwi.nii.gz	0.2963565387117762	0.079878524	0.10245598	0.06369172	0.11352131	0.09499434	0.10535283	0.09402321	0.1073536425828933	sub-90077	ses-1		dir-AP	acq-multiband	space-ACPC			DSIStudio	autotrackgqi
Association_VerticalOccipitalFasciculusR	modulated_icvf	NODDI	/scratch/grmpy/SLURM_11194840_134/job-11194840-134-sub-90077/ds/inputs/data/qsiprep/qsiprep/sub-90077/ses-1/dwi/sub-90077_ses-1_acq-multiband_dir-AP_space-ACPC_desc-preproc_dwi.nii.gz	0.0042290175666883	0.48744035	0.095985286	0.50140893	0.48951048	0.5018644	0.090768635	0.5348012	0.5351248383522034	sub-90077	ses-1		dir-AP	acq-multiband	space-ACPC			DSIStudio	autotrackgqi
Association_VerticalOccipitalFasciculusR	modulated_od	NODDI	/scratch/grmpy/SLURM_11194840_134/job-11194840-134-sub-90077/ds/inputs/data/qsiprep/qsiprep/sub-90077/ses-1/dwi/sub-90077_ses-1_acq-multiband_dir-AP_space-ACPC_desc-preproc_dwi.nii.gz	0.0039037085230969	0.35545382	0.17924744	0.3369841	0.35684684	0.33802694	0.17820905	0.27484864	0.2750047445297241	sub-90077	ses-1		dir-AP	acq-multiband	space-ACPC			DSIStudio	autotrackgqi
Association_VerticalOccipitalFasciculusR	nrmse	NODDI	/scratch/grmpy/SLURM_11194840_134/job-11194840-134-sub-90077/ds/inputs/data/qsiprep/qsiprep/sub-90077/ses-1/dwi/sub-90077_ses-1_acq-multiband_dir-AP_space-ACPC_desc-preproc_dwi.nii.gz	0.0039037085230969	0.089228414	0.04849423	0.07878414	0.0895781	0.078872204	0.048265748	0.08389167	0.0839393138885498	sub-90077	ses-1		dir-AP	acq-multiband	space-ACPC			DSIStudio	autotrackgqi
Association_VerticalOccipitalFasciculusR	od	NODDI	/scratch/grmpy/SLURM_11194840_134/job-11194840-134-sub-90077/ds/inputs/data/qsiprep/qsiprep/sub-90077/ses-1/dwi/sub-90077_ses-1_acq-multiband_dir-AP_space-ACPC_desc-preproc_dwi.nii.gz	0.0039037085230969	0.38536394	0.18535817	0.37817866	0.3868742	0.37965667	0.18414132	0.30240119	0.3025729358196258	sub-90077	ses-1		dir-AP	acq-multiband	space-ACPC			DSIStudio	autotrackgqi
Association_VerticalOccipitalFasciculusR	rmse	NODDI	/scratch/grmpy/SLURM_11194840_134/job-11194840-134-sub-90077/ds/inputs/data/qsiprep/qsiprep/sub-90077/ses-1/dwi/sub-90077_ses-1_acq-multiband_dir-AP_space-ACPC_desc-preproc_dwi.nii.gz	0.0039037085230969	0.04601389	0.026452485	0.040997878	0.046194218	0.041025013	0.026346652	0.044159718	0.0441847965121269	sub-90077	ses-1		dir-AP	acq-multiband	space-ACPC			DSIStudio	autotrackgqi
Association_VerticalOccipitalFasciculusR	tf	NODDI	/scratch/grmpy/SLURM_11194840_134/job-11194840-134-sub-90077/ds/inputs/data/qsiprep/qsiprep/sub-90077/ses-1/dwi/sub-90077_ses-1_acq-multiband_dir-AP_space-ACPC_desc-preproc_dwi.nii.gz	0.0042290175666883	0.9162178	0.117311776	0.93532544	0.920109	0.9359034	0.10119393	0.9054092	0.9059571027755736	sub-90077	ses-1		dir-AP	acq-multiband	space-ACPC			DSIStudio	autotrackgqi
Association_UncinateFasciculusR	directions	NODDI	/scratch/grmpy/SLURM_11194840_134/job-11194840-134-sub-90077/ds/inputs/data/qsiprep/qsiprep/sub-90077/ses-1/dwi/sub-90077_ses-1_acq-multiband_dir-AP_space-ACPC_desc-preproc_dwi.nii.gz	17.0	-0.03852861	0.5751095	-0.07192069	-0.03865594	-0.0752724	0.57605475	-0.24131793		sub-90077	ses-1		dir-AP	acq-multiband	space-ACPC			DSIStudio	autotrackgqi
Association_UncinateFasciculusR	icvf	NODDI	/scratch/grmpy/SLURM_11194840_134/job-11194840-134-sub-90077/ds/inputs/data/qsiprep/qsiprep/sub-90077/ses-1/dwi/sub-90077_ses-1_acq-multiband_dir-AP_space-ACPC_desc-preproc_dwi.nii.gz	0.0104630885487308	0.4870533	0.1513341	0.45217398	0.49220327	0.45357397	0.14355953	0.51429427	0.5149346590042114	sub-90077	ses-1		dir-AP	acq-multiband	space-ACPC			DSIStudio	autotrackgqi
Association_UncinateFasciculusR	isovf	NODDI	/scratch/grmpy/SLURM_11194840_134/job-11194840-134-sub-90077/ds/inputs/data/qsiprep/qsiprep/sub-90077/ses-1/dwi/sub-90077_ses-1_acq-multiband_dir-AP_space-ACPC_desc-preproc_dwi.nii.gz	0.37628366595621	0.1214449	0.18826443	0.058324713	0.19471176	0.12995887	0.20630167	0.11144279	0.1373590379953384	sub-90077	ses-1		dir-AP	acq-multiband	space-ACPC			DSIStudio	autotrackgqi
Association_UncinateFasciculusR	modulated_icvf	NODDI	/scratch/grmpy/SLURM_11194840_134/job-11194840-134-sub-90077/ds/inputs/data/qsiprep/qsiprep/sub-90077/ses-1/dwi/sub-90077_ses-1_acq-multiband_dir-AP_space-ACPC_desc-preproc_dwi.nii.gz	0.0104630885487308	0.41162375	0.099247046	0.4193536	0.41597614	0.42010593	0.09024209	0.45038268	0.4509435296058655	sub-90077	ses-1		dir-AP	acq-multiband	space-ACPC			DSIStudio	autotrackgqi
Association_UncinateFasciculusR	modulated_od	NODDI	/scratch/grmpy/SLURM_11194840_134/job-11194840-134-sub-90077/ds/inputs/data/qsiprep/qsiprep/sub-90077/ses-1/dwi/sub-90077_ses-1_acq-multiband_dir-AP_space-ACPC_desc-preproc_dwi.nii.gz	0.0032939352838597	0.3198107	0.18567437	0.29768068	0.3208676	0.29899538	0.18506695	0.21146235	0.2114930152893066	sub-90077	ses-1		dir-AP	acq-multiband	space-ACPC			DSIStudio	autotrackgqi
Association_UncinateFasciculusR	nrmse	NODDI	/scratch/grmpy/SLURM_11194840_134/job-11194840-134-sub-90077/ds/inputs/data/qsiprep/qsiprep/sub-90077/ses-1/dwi/sub-90077_ses-1_acq-multiband_dir-AP_space-ACPC_desc-preproc_dwi.nii.gz	0.0032939352838597	0.11410658	0.055139013	0.100994386	0.11448368	0.1010803	0.05483782	0.10597557	0.105990931391716	sub-90077	ses-1		dir-AP	acq-multiband	space-ACPC			DSIStudio	autotrackgqi
Association_UncinateFasciculusR	od	NODDI	/scratch/grmpy/SLURM_11194840_134/job-11194840-134-sub-90077/ds/inputs/data/qsiprep/qsiprep/sub-90077/ses-1/dwi/sub-90077_ses-1_acq-multiband_dir-AP_space-ACPC_desc-preproc_dwi.nii.gz	0.0032939352838597	0.3720144	0.19865441	0.35792062	0.37324384	0.35868716	0.19782598	0.2381882	0.2382227331399917	sub-90077	ses-1		dir-AP	acq-multiband	space-ACPC			DSIStudio	autotrackgqi
Association_UncinateFasciculusR	rmse	NODDI	/scratch/grmpy/SLURM_11194840_134/job-11194840-134-sub-90077/ds/inputs/data/qsiprep/qsiprep/sub-90077/ses-1/dwi/sub-90077_ses-1_acq-multiband_dir-AP_space-ACPC_desc-preproc_dwi.nii.gz	0.0032939352838597	0.0572341	0.040821258	0.049992055	0.05742325	0.050049283	0.040755622	0.053488716	0.0534964688122272	sub-90077	ses-1		dir-AP	acq-multiband	space-ACPC			DSIStudio	autotrackgqi
Association_UncinateFasciculusR	tf	NODDI	/scratch/grmpy/SLURM_11194840_134/job-11194840-134-sub-90077/ds/inputs/data/qsiprep/qsiprep/sub-90077/ses-1/dwi/sub-90077_ses-1_acq-multiband_dir-AP_space-ACPC_desc-preproc_dwi.nii.gz	0.0104630885487308	0.8752611	0.19474731	0.94043064	0.8845159	0.94255185	0.17361322	0.88841224	0.8895186185836792	sub-90077	ses-1		dir-AP	acq-multiband	space-ACPC			DSIStudio	autotrackgqi
Association_MiddleLongitudinalFasciculusL	directions	NODDI	/scratch/grmpy/SLURM_11194840_134/job-11194840-134-sub-90077/ds/inputs/data/qsiprep/qsiprep/sub-90077/ses-1/dwi/sub-90077_ses-1_acq-multiband_dir-AP_space-ACPC_desc-preproc_dwi.nii.gz	0.0	0.018295359	0.57706034	-0.034272924	0.018295359	-0.034272924	0.57706034	0.31968266		sub-90077	ses-1		dir-AP	acq-multiband	space-ACPC			DSIStudio	autotrackgqi
Association_MiddleLongitudinalFasciculusL	icvf	NODDI	/scratch/grmpy/SLURM_11194840_134/job-11194840-134-sub-90077/ds/inputs/data/qsiprep/qsiprep/sub-90077/ses-1/dwi/sub-90077_ses-1_acq-multiband_dir-AP_space-ACPC_desc-preproc_dwi.nii.gz	0.0	0.59047097	0.08166973	0.5984488	0.59047097	0.5984488	0.08166973	0.61014867	0.6101486682891846	sub-90077	ses-1		dir-AP	acq-multiband	space-ACPC			DSIStudio	autotrackgqi
Association_MiddleLongitudinalFasciculusL	isovf	NODDI	/scratch/grmpy/SLURM_11194840_134/job-11194840-134-sub-90077/ds/inputs/data/qsiprep/qsiprep/sub-90077/ses-1/dwi/sub-90077_ses-1_acq-multiband_dir-AP_space-ACPC_desc-preproc_dwi.nii.gz	0.1500465983224604	0.09572734	0.06468441	0.10071423	0.112626575	0.11404758	0.054949123	0.11122962	0.1208866089582443	sub-90077	ses-1		dir-AP	acq-multiband	space-ACPC			DSIStudio	autotrackgqi
Association_MiddleLongitudinalFasciculusL	modulated_icvf	NODDI	/scratch/grmpy/SLURM_11194840_134/job-11194840-134-sub-90077/ds/inputs/data/qsiprep/qsiprep/sub-90077/ses-1/dwi/sub-90077_ses-1_acq-multiband_dir-AP_space-ACPC_desc-preproc_dwi.nii.gz	0.0	0.5309055	0.060904443	0.5370884	0.5309055	0.5370884	0.060904443	0.5402397	0.540239691734314	sub-90077	ses-1		dir-AP	acq-multiband	space-ACPC			DSIStudio	autotrackgqi
Association_MiddleLongitudinalFasciculusL	modulated_od	NODDI	/scratch/grmpy/SLURM_11194840_134/job-11194840-134-sub-90077/ds/inputs/data/qsiprep/qsiprep/sub-90077/ses-1/dwi/sub-90077_ses-1_acq-multiband_dir-AP_space-ACPC_desc-preproc_dwi.nii.gz	0.0	0.21972308	0.14728992	0.19360088	0.21972308	0.19360088	0.14728992	0.18932799	0.189327985048294	sub-90077	ses-1		dir-AP	acq-multiband	space-ACPC			DSIStudio	autotrackgqi
Association_MiddleLongitudinalFasciculusL	nrmse	NODDI	/scratch/grmpy/SLURM_11194840_134/job-11194840-134-sub-90077/ds/inputs/data/qsiprep/qsiprep/sub-90077/ses-1/dwi/sub-90077_ses-1_acq-multiband_dir-AP_space-ACPC_desc-preproc_dwi.nii.gz	0.0	0.091998376	0.020793254	0.08939104	0.091998376	0.08939104	0.020793254	0.091113254	0.0911132544279098	sub-90077	ses-1		dir-AP	acq-multiband	space-ACPC			DSIStudio	autotrackgqi
Association_MiddleLongitudinalFasciculusL	od	NODDI	/scratch/grmpy/SLURM_11194840_134/job-11194840-134-sub-90077/ds/inputs/data/qsiprep/qsiprep/sub-90077/ses-1/dwi/sub-90077_ses-1_acq-multiband_dir-AP_space-ACPC_desc-preproc_dwi.nii.gz	0.0	0.23939826	0.15045966	0.22040989	0.23939826	0.22040989	0.15045966	0.21158336	0.2115833610296249	sub-90077	ses-1		dir-AP	acq-multiband	space-ACPC			DSIStudio	autotrackgqi
Association_MiddleLongitudinalFasciculusL	rmse	NODDI	/scratch/grmpy/SLURM_11194840_134/job-11194840-134-sub-90077/ds/inputs/data/qsiprep/qsiprep/sub-90077/ses-1/dwi/sub-90077_ses-1_acq-multiband_dir-AP_space-ACPC_desc-preproc_dwi.nii.gz	0.0	0.048741523	0.011710972	0.04701992	0.048741523	0.04701992	0.011710972	0.048300315	0.048300314694643	sub-90077	ses-1		dir-AP	acq-multiband	space-ACPC			DSIStudio	autotrackgqi
Association_MiddleLongitudinalFasciculusL	tf	NODDI	/scratch/grmpy/SLURM_11194840_134/job-11194840-134-sub-90077/ds/inputs/data/qsiprep/qsiprep/sub-90077/ses-1/dwi/sub-90077_ses-1_acq-multiband_dir-AP_space-ACPC_desc-preproc_dwi.nii.gz	0.0	0.9042726	0.06468441	0.8992858	0.9042726	0.8992858	0.06468441	0.8887704	0.8887704014778137	sub-90077	ses-1		dir-AP	acq-multiband	space-ACPC			DSIStudio	autotrackgqi
Association_InferiorFrontoOccipitalFasciculusR	directions	NODDI	/scratch/grmpy/SLURM_11194840_134/job-11194840-134-sub-90077/ds/inputs/data/qsiprep/qsiprep/sub-90077/ses-1/dwi/sub-90077_ses-1_acq-multiband_dir-AP_space-ACPC_desc-preproc_dwi.nii.gz	12.0	-0.018154267	0.5767305	-0.045383118	-0.018175298	-0.046606697	0.5770641	-0.23086877		sub-90077	ses-1		dir-AP	acq-multiband	space-ACPC			DSIStudio	autotrackgqi
Association_InferiorFrontoOccipitalFasciculusR	icvf	NODDI	/scratch/grmpy/SLURM_11194840_134/job-11194840-134-sub-90077/ds/inputs/data/qsiprep/qsiprep/sub-90077/ses-1/dwi/sub-90077_ses-1_acq-multiband_dir-AP_space-ACPC_desc-preproc_dwi.nii.gz	0.0036644165863066	0.54252595	0.111911066	0.54512024	0.54452133	0.5454229	0.10716173	0.57795	0.5780470967292786	sub-90077	ses-1		dir-AP	acq-multiband	space-ACPC			DSIStudio	autotrackgqi
Association_InferiorFrontoOccipitalFasciculusR	isovf	NODDI	/scratch/grmpy/SLURM_11194840_134/job-11194840-134-sub-90077/ds/inputs/data/qsiprep/qsiprep/sub-90077/ses-1/dwi/sub-90077_ses-1_acq-multiband_dir-AP_space-ACPC_desc-preproc_dwi.nii.gz	0.2180327868852459	0.113767825	0.1321877	0.09659746	0.14548925	0.12220123	0.13315612	0.13075842	0.1422107517719268	sub-90077	ses-1		dir-AP	acq-multiband	space-ACPC			DSIStudio	autotrackgqi
Association_InferiorFrontoOccipitalFasciculusR	modulated_icvf	NODDI	/scratch/grmpy/SLURM_11194840_134/job-11194840-134-sub-90077/ds/inputs/data/qsiprep/qsiprep/sub-90077/ses-1/dwi/sub-90077_ses-1_acq-multiband_dir-AP_space-ACPC_desc-preproc_dwi.nii.gz	0.0036644165863066	0.47442117	0.08912969	0.48683956	0.47616604	0.48707002	0.084513135	0.49876016	0.4988439679145813	sub-90077	ses-1		dir-AP	acq-multiband	space-ACPC			DSIStudio	autotrackgqi
Association_InferiorFrontoOccipitalFasciculusR	modulated_od	NODDI	/scratch/grmpy/SLURM_11194840_134/job-11194840-134-sub-90077/ds/inputs/data/qsiprep/qsiprep/sub-90077/ses-1/dwi/sub-90077_ses-1_acq-multiband_dir-AP_space-ACPC_desc-preproc_dwi.nii.gz	0.0018322082931533	0.273803	0.18533787	0.2373161	0.27430555	0.23764119	0.18513595	0.14551973	0.1455277204513549	sub-90077	ses-1		dir-AP	acq-multiband	space-ACPC			DSIStudio	autotrackgqi
Association_InferiorFrontoOccipitalFasciculusR	nrmse	NODDI	/scratch/grmpy/SLURM_11194840_134/job-11194840-134-sub-90077/ds/inputs/data/qsiprep/qsiprep/sub-90077/ses-1/dwi/sub-90077_ses-1_acq-multiband_dir-AP_space-ACPC_desc-preproc_dwi.nii.gz	0.0011571841851494	0.094112955	0.035167854	0.08930281	0.09422199	0.089345805	0.035041943	0.09695378	0.0969563201069831	sub-90077	ses-1		dir-AP	acq-multiband	space-ACPC			DSIStudio	autotrackgqi
Association_InferiorFrontoOccipitalFasciculusR	od	NODDI	/scratch/grmpy/SLURM_11194840_134/job-11194840-134-sub-90077/ds/inputs/data/qsiprep/qsiprep/sub-90077/ses-1/dwi/sub-90077_ses-1_acq-multiband_dir-AP_space-ACPC_desc-preproc_dwi.nii.gz	0.0011571841851494	0.30853385	0.1989602	0.27379006	0.3088913	0.2741469	0.19879791	0.1651946	0.1651989072561264	sub-90077	ses-1		dir-AP	acq-multiband	space-ACPC			DSIStudio	autotrackgqi
Association_InferiorFrontoOccipitalFasciculusR	rmse	NODDI	/scratch/grmpy/SLURM_11194840_134/job-11194840-134-sub-90077/ds/inputs/data/qsiprep/qsiprep/sub-90077/ses-1/dwi/sub-90077_ses-1_acq-multiband_dir-AP_space-ACPC_desc-preproc_dwi.nii.gz	0.0011571841851494	0.047893282	0.020211864	0.04549072	0.047948766	0.045509823	0.020157686	0.050053593	0.0500549003481864	sub-90077	ses-1		dir-AP	acq-multiband	space-ACPC			DSIStudio	autotrackgqi
Association_InferiorFrontoOccipitalFasciculusR	tf	NODDI	/scratch/grmpy/SLURM_11194840_134/job-11194840-134-sub-90077/ds/inputs/data/qsiprep/qsiprep/sub-90077/ses-1/dwi/sub-90077_ses-1_acq-multiband_dir-AP_space-ACPC_desc-preproc_dwi.nii.gz	0.0036644165863066	0.885075	0.13552171	0.9030528	0.8883302	0.90359455	0.124667466	0.8692155	0.8693615198135376	sub-90077	ses-1		dir-AP	acq-multiband	space-ACPC			DSIStudio	autotrackgqi
Association_CingulumL	directions	NODDI	/scratch/grmpy/SLURM_11194840_134/job-11194840-134-sub-90077/ds/inputs/data/qsiprep/qsiprep/sub-90077/ses-1/dwi/sub-90077_ses-1_acq-multiband_dir-AP_space-ACPC_desc-preproc_dwi.nii.gz	9.0	-0.05667438	0.57430685	-0.118471116	-0.05672424	-0.1192746	0.57455695	-0.15813181		sub-90077	ses-1		dir-AP	acq-multiband	space-ACPC			DSIStudio	autotrackgqi
Association_CingulumL	icvf	NODDI	/scratch/grmpy/SLURM_11194840_134/job-11194840-134-sub-90077/ds/inputs/data/qsiprep/qsiprep/sub-90077/ses-1/dwi/sub-90077_ses-1_acq-multiband_dir-AP_space-ACPC_desc-preproc_dwi.nii.gz	0.0044926262330305	0.5175103	0.14535788	0.48211977	0.5198458	0.4830821	0.14145735	0.566651	0.5671378970146179	sub-90077	ses-1		dir-AP	acq-multiband	space-ACPC			DSIStudio	autotrackgqi
Association_CingulumL	isovf	NODDI	/scratch/grmpy/SLURM_11194840_134/job-11194840-134-sub-90077/ds/inputs/data/qsiprep/qsiprep/sub-90077/ses-1/dwi/sub-90077_ses-1_acq-multiband_dir-AP_space-ACPC_desc-preproc_dwi.nii.gz	0.3509131751147573	0.11961726	0.17246695	0.07098941	0.18428545	0.13686785	0.184142	0.12326223	0.1529162377119064	sub-90077	ses-1		dir-AP	acq-multiband	space-ACPC			DSIStudio	autotrackgqi
Association_CingulumL	modulated_icvf	NODDI	/scratch/grmpy/SLURM_11194840_134/job-11194840-134-sub-90077/ds/inputs/data/qsiprep/qsiprep/sub-90077/ses-1/dwi/sub-90077_ses-1_acq-multiband_dir-AP_space-ACPC_desc-preproc_dwi.nii.gz	0.0044926262330305	0.44049034	0.09779516	0.44129708	0.44247824	0.44178852	0.09342085	0.48946723	0.4898877441883087	sub-90077	ses-1		dir-AP	acq-multiband	space-ACPC			DSIStudio	autotrackgqi
Association_CingulumL	modulated_od	NODDI	/scratch/grmpy/SLURM_11194840_134/job-11194840-134-sub-90077/ds/inputs/data/qsiprep/qsiprep/sub-90077/ses-1/dwi/sub-90077_ses-1_acq-multiband_dir-AP_space-ACPC_desc-preproc_dwi.nii.gz	0.0010743236644203	0.30743894	0.19121267	0.28783795	0.3077696	0.2880779	0.19104931	0.20171013	0.2017426788806915	sub-90077	ses-1		dir-AP	acq-multiband	space-ACPC			DSIStudio	autotrackgqi
Association_CingulumL	nrmse	NODDI	/scratch/grmpy/SLURM_11194840_134/job-11194840-134-sub-90077/ds/inputs/data/qsiprep/qsiprep/sub-90077/ses-1/dwi/sub-90077_ses-1_acq-multiband_dir-AP_space-ACPC_desc-preproc_dwi.nii.gz	0.0008789920890711	0.10239071	0.036540546	0.09589983	0.102480784	0.09591195	0.03643013	0.104454175	0.104469746351242	sub-90077	ses-1		dir-AP	acq-multiband	space-ACPC			DSIStudio	autotrackgqi
Association_CingulumL	od	NODDI	/scratch/grmpy/SLURM_11194840_134/job-11194840-134-sub-90077/ds/inputs/data/qsiprep/qsiprep/sub-90077/ses-1/dwi/sub-90077_ses-1_acq-multiband_dir-AP_space-ACPC_desc-preproc_dwi.nii.gz	0.0008789920890711	0.3492876	0.19997211	0.33457217	0.3495949	0.33470714	0.19979139	0.22545514	0.2254887819290161	sub-90077	ses-1		dir-AP	acq-multiband	space-ACPC			DSIStudio	autotrackgqi
Association_CingulumL	rmse	NODDI	/scratch/grmpy/SLURM_11194840_134/job-11194840-134-sub-90077/ds/inputs/data/qsiprep/qsiprep/sub-90077/ses-1/dwi/sub-90077_ses-1_acq-multiband_dir-AP_space-ACPC_desc-preproc_dwi.nii.gz	0.0008789920890711	0.050680462	0.019096406	0.048081685	0.050725047	0.04809649	0.019045522	0.05366715	0.0536751560866832	sub-90077	ses-1		dir-AP	acq-multiband	space-ACPC			DSIStudio	autotrackgqi
Association_CingulumL	tf	NODDI	/scratch/grmpy/SLURM_11194840_134/job-11194840-134-sub-90077/ds/inputs/data/qsiprep/qsiprep/sub-90077/ses-1/dwi/sub-90077_ses-1_acq-multiband_dir-AP_space-ACPC_desc-preproc_dwi.nii.gz	0.0044926262330305	0.87950367	0.17439261	0.92831415	0.8834728	0.9296296	0.16444887	0.87658864	0.8773418664932251	sub-90077	ses-1		dir-AP	acq-multiband	space-ACPC			DSIStudio	autotrackgqi
Association_MiddleLongitudinalFasciculusR	directions	NODDI	/scratch/grmpy/SLURM_11194840_134/job-11194840-134-sub-90077/ds/inputs/data/qsiprep/qsiprep/sub-90077/ses-1/dwi/sub-90077_ses-1_acq-multiband_dir-AP_space-ACPC_desc-preproc_dwi.nii.gz	1.0	0.005737588	0.5772473	0.0057195397	0.0057390667	0.0059299176	0.5773217	0.27613604		sub-90077	ses-1		dir-AP	acq-multiband	space-ACPC			DSIStudio	autotrackgqi
Association_MiddleLongitudinalFasciculusR	icvf	NODDI	/scratch/grmpy/SLURM_11194840_134/job-11194840-134-sub-90077/ds/inputs/data/qsiprep/qsiprep/sub-90077/ses-1/dwi/sub-90077_ses-1_acq-multiband_dir-AP_space-ACPC_desc-preproc_dwi.nii.gz	0.0030927835051546	0.51871413	0.1038964	0.51645565	0.52032334	0.5169539	0.0999531	0.5682435	0.5683274865150452	sub-90077	ses-1		dir-AP	acq-multiband	space-ACPC			DSIStudio	autotrackgqi
Association_MiddleLongitudinalFasciculusR	isovf	NODDI	/scratch/grmpy/SLURM_11194840_134/job-11194840-134-sub-90077/ds/inputs/data/qsiprep/qsiprep/sub-90077/ses-1/dwi/sub-90077_ses-1_acq-multiband_dir-AP_space-ACPC_desc-preproc_dwi.nii.gz	0.3458762886597938	0.08909863	0.124207035	0.069161005	0.13621068	0.11563417	0.1310254	0.11248797	0.1270466148853302	sub-90077	ses-1		dir-AP	acq-multiband	space-ACPC			DSIStudio	autotrackgqi
Association_MiddleLongitudinalFasciculusR	modulated_icvf	NODDI	/scratch/grmpy/SLURM_11194840_134/job-11194840-134-sub-90077/ds/inputs/data/qsiprep/qsiprep/sub-90077/ses-1/dwi/sub-90077_ses-1_acq-multiband_dir-AP_space-ACPC_desc-preproc_dwi.nii.gz	0.0030927835051546	0.4683367	0.086091205	0.4789687	0.46978965	0.47914693	0.082171194	0.50084513	0.5009190440177917	sub-90077	ses-1		dir-AP	acq-multiband	space-ACPC			DSIStudio	autotrackgqi
Association_MiddleLongitudinalFasciculusR	modulated_od	NODDI	/scratch/grmpy/SLURM_11194840_134/job-11194840-134-sub-90077/ds/inputs/data/qsiprep/qsiprep/sub-90077/ses-1/dwi/sub-90077_ses-1_acq-multiband_dir-AP_space-ACPC_desc-preproc_dwi.nii.gz	0.0007731958762886	0.2868773	0.18355843	0.24844041	0.2870993	0.24858315	0.18345582	0.18108998	0.1810999363660812	sub-90077	ses-1		dir-AP	acq-multiband	space-ACPC			DSIStudio	autotrackgqi
Association_MiddleLongitudinalFasciculusR	nrmse	NODDI	/scratch/grmpy/SLURM_11194840_134/job-11194840-134-sub-90077/ds/inputs/data/qsiprep/qsiprep/sub-90077/ses-1/dwi/sub-90077_ses-1_acq-multiband_dir-AP_space-ACPC_desc-preproc_dwi.nii.gz	0.0002577319587628	0.08803131	0.025807993	0.0853919	0.088054	0.08540993	0.02577258	0.09081721	0.0908209010958671	sub-90077	ses-1		dir-AP	acq-multiband	space-ACPC			DSIStudio	autotrackgqi
Association_MiddleLongitudinalFasciculusR	od	NODDI	/scratch/grmpy/SLURM_11194840_134/job-11194840-134-sub-90077/ds/inputs/data/qsiprep/qsiprep/sub-90077/ses-1/dwi/sub-90077_ses-1_acq-multiband_dir-AP_space-ACPC_desc-preproc_dwi.nii.gz	0.0002577319587628	0.31453094	0.19220452	0.28002152	0.314612	0.2801769	0.19216293	0.20099398	0.2010021209716797	sub-90077	ses-1		dir-AP	acq-multiband	space-ACPC			DSIStudio	autotrackgqi
Association_MiddleLongitudinalFasciculusR	rmse	NODDI	/scratch/grmpy/SLURM_11194840_134/job-11194840-134-sub-90077/ds/inputs/data/qsiprep/qsiprep/sub-90077/ses-1/dwi/sub-90077_ses-1_acq-multiband_dir-AP_space-ACPC_desc-preproc_dwi.nii.gz	0.0002577319587628	0.044928502	0.0130604915	0.04362822	0.044940084	0.043636702	0.013042236	0.047037248	0.0470391511917114	sub-90077	ses-1		dir-AP	acq-multiband	space-ACPC			DSIStudio	autotrackgqi
Association_MiddleLongitudinalFasciculusR	tf	NODDI	/scratch/grmpy/SLURM_11194840_134/job-11194840-134-sub-90077/ds/inputs/data/qsiprep/qsiprep/sub-90077/ses-1/dwi/sub-90077_ses-1_acq-multiband_dir-AP_space-ACPC_desc-preproc_dwi.nii.gz	0.0030927835051546	0.91064364	0.12505649	0.9308086	0.91346884	0.93118143	0.114485584	0.8874715	0.8876026272773743	sub-90077	ses-1		dir-AP	acq-multiband	space-ACPC			DSIStudio	autotrackgqi
Association_ParietalAslantTractL	directions	NODDI	/scratch/grmpy/SLURM_11194840_134/job-11194840-134-sub-90077/ds/inputs/data/qsiprep/qsiprep/sub-90077/ses-1/dwi/sub-90077_ses-1_acq-multiband_dir-AP_space-ACPC_desc-preproc_dwi.nii.gz	98.0	-0.08226588	0.56603044	-0.08041164	-0.08381867	-0.09900766	0.5712336	-0.24469286		sub-90077	ses-1		dir-AP	acq-multiband	space-ACPC			DSIStudio	autotrackgqi
Association_ParietalAslantTractL	icvf	NODDI	/scratch/grmpy/SLURM_11194840_134/job-11194840-134-sub-90077/ds/inputs/data/qsiprep/qsiprep/sub-90077/ses-1/dwi/sub-90077_ses-1_acq-multiband_dir-AP_space-ACPC_desc-preproc_dwi.nii.gz	0.0189035916824196	0.49929288	0.12479904	0.4860013	0.50891316	0.4885519	0.10478074	0.5557555	0.557235836982727	sub-90077	ses-1		dir-AP	acq-multiband	space-ACPC			DSIStudio	autotrackgqi
Association_ParietalAslantTractL	isovf	NODDI	/scratch/grmpy/SLURM_11194840_134/job-11194840-134-sub-90077/ds/inputs/data/qsiprep/qsiprep/sub-90077/ses-1/dwi/sub-90077_ses-1_acq-multiband_dir-AP_space-ACPC_desc-preproc_dwi.nii.gz	0.5162570888468809	0.053986732	0.10711382	0.0	0.11160211	0.08025276	0.13148351	0.062821254	0.0894530341029167	sub-90077	ses-1		dir-AP	acq-multiband	space-ACPC			DSIStudio	autotrackgqi
Association_ParietalAslantTractL	modulated_icvf	NODDI	/scratch/grmpy/SLURM_11194840_134/job-11194840-134-sub-90077/ds/inputs/data/qsiprep/qsiprep/sub-90077/ses-1/dwi/sub-90077_ses-1_acq-multiband_dir-AP_space-ACPC_desc-preproc_dwi.nii.gz	0.0189035916824196	0.46752423	0.10980225	0.4753136	0.4765324	0.47766382	0.0894212	0.51749325	0.5188717246055603	sub-90077	ses-1		dir-AP	acq-multiband	space-ACPC			DSIStudio	autotrackgqi
Association_ParietalAslantTractL	modulated_od	NODDI	/scratch/grmpy/SLURM_11194840_134/job-11194840-134-sub-90077/ds/inputs/data/qsiprep/qsiprep/sub-90077/ses-1/dwi/sub-90077_ses-1_acq-multiband_dir-AP_space-ACPC_desc-preproc_dwi.nii.gz	0.0189035916824196	0.35114828	0.19255523	0.3230899	0.35791415	0.32916653	0.18807	0.26171747	0.2624146044254303	sub-90077	ses-1		dir-AP	acq-multiband	space-ACPC			DSIStudio	autotrackgqi
Association_ParietalAslantTractL	nrmse	NODDI	/scratch/grmpy/SLURM_11194840_134/job-11194840-134-sub-90077/ds/inputs/data/qsiprep/qsiprep/sub-90077/ses-1/dwi/sub-90077_ses-1_acq-multiband_dir-AP_space-ACPC_desc-preproc_dwi.nii.gz	0.0185255198487712	0.085382074	0.04170791	0.07834417	0.08699368	0.07879834	0.040400308	0.08484757	0.0850682482123375	sub-90077	ses-1		dir-AP	acq-multiband	space-ACPC			DSIStudio	autotrackgqi
Association_ParietalAslantTractL	od	NODDI	/scratch/grmpy/SLURM_11194840_134/job-11194840-134-sub-90077/ds/inputs/data/qsiprep/qsiprep/sub-90077/ses-1/dwi/sub-90077_ses-1_acq-multiband_dir-AP_space-ACPC_desc-preproc_dwi.nii.gz	0.0185255198487712	0.37015063	0.1940614	0.3486932	0.3771373	0.3546524	0.18903896	0.275953	0.2766706943511963	sub-90077	ses-1		dir-AP	acq-multiband	space-ACPC			DSIStudio	autotrackgqi
Association_ParietalAslantTractL	rmse	NODDI	/scratch/grmpy/SLURM_11194840_134/job-11194840-134-sub-90077/ds/inputs/data/qsiprep/qsiprep/sub-90077/ses-1/dwi/sub-90077_ses-1_acq-multiband_dir-AP_space-ACPC_desc-preproc_dwi.nii.gz	0.0185255198487712	0.04427539	0.023834364	0.040692978	0.0451111	0.040984556	0.02326155	0.04495204	0.0450689531862735	sub-90077	ses-1		dir-AP	acq-multiband	space-ACPC			DSIStudio	autotrackgqi
Association_ParietalAslantTractL	tf	NODDI	/scratch/grmpy/SLURM_11194840_134/job-11194840-134-sub-90077/ds/inputs/data/qsiprep/qsiprep/sub-90077/ses-1/dwi/sub-90077_ses-1_acq-multiband_dir-AP_space-ACPC_desc-preproc_dwi.nii.gz	0.0189035916824196	0.92748773	0.16629922	0.9993658	0.9453584	1.0	0.106273726	0.93458456	0.9370740056037904	sub-90077	ses-1		dir-AP	acq-multiband	space-ACPC			DSIStudio	autotrackgqi
Association_ExtremeCapsuleR	directions	NODDI	/scratch/grmpy/SLURM_11194840_134/job-11194840-134-sub-90077/ds/inputs/data/qsiprep/qsiprep/sub-90077/ses-1/dwi/sub-90077_ses-1_acq-multiband_dir-AP_space-ACPC_desc-preproc_dwi.nii.gz	0.0	0.017793957	0.577076	-0.01732476	0.017793957	-0.01732476	0.577076	0.25153872		sub-90077	ses-1		dir-AP	acq-multiband	space-ACPC			DSIStudio	autotrackgqi
Association_ExtremeCapsuleR	icvf	NODDI	/scratch/grmpy/SLURM_11194840_134/job-11194840-134-sub-90077/ds/inputs/data/qsiprep/qsiprep/sub-90077/ses-1/dwi/sub-90077_ses-1_acq-multiband_dir-AP_space-ACPC_desc-preproc_dwi.nii.gz	0.0011102886750555	0.54635113	0.11746791	0.548825	0.5469584	0.5489298	0.11611154	0.5645937	0.564612627029419	sub-90077	ses-1		dir-AP	acq-multiband	space-ACPC			DSIStudio	autotrackgqi
Association_ExtremeCapsuleR	isovf	NODDI	/scratch/grmpy/SLURM_11194840_134/job-11194840-134-sub-90077/ds/inputs/data/qsiprep/qsiprep/sub-90077/ses-1/dwi/sub-90077_ses-1_acq-multiband_dir-AP_space-ACPC_desc-preproc_dwi.nii.gz	0.2431532198371576	0.108331755	0.12920767	0.08952677	0.14313565	0.11699965	0.13067688	0.11018093	0.1325669288635254	sub-90077	ses-1		dir-AP	acq-multiband	space-ACPC			DSIStudio	autotrackgqi
Association_ExtremeCapsuleR	modulated_icvf	NODDI	/scratch/grmpy/SLURM_11194840_134/job-11194840-134-sub-90077/ds/inputs/data/qsiprep/qsiprep/sub-90077/ses-1/dwi/sub-90077_ses-1_acq-multiband_dir-AP_space-ACPC_desc-preproc_dwi.nii.gz	0.0011102886750555	0.4825745	0.1035995	0.4966044	0.48311087	0.49667993	0.10239946	0.49722558	0.4972423315048218	sub-90077	ses-1		dir-AP	acq-multiband	space-ACPC			DSIStudio	autotrackgqi
Association_ExtremeCapsuleR	modulated_od	NODDI	/scratch/grmpy/SLURM_11194840_134/job-11194840-134-sub-90077/ds/inputs/data/qsiprep/qsiprep/sub-90077/ses-1/dwi/sub-90077_ses-1_acq-multiband_dir-AP_space-ACPC_desc-preproc_dwi.nii.gz	0.0003700962250185	0.25741163	0.17052136	0.23466495	0.25750694	0.23466909	0.17048097	0.1954942	0.1954958587884903	sub-90077	ses-1		dir-AP	acq-multiband	space-ACPC			DSIStudio	autotrackgqi
Association_ExtremeCapsuleR	nrmse	NODDI	/scratch/grmpy/SLURM_11194840_134/job-11194840-134-sub-90077/ds/inputs/data/qsiprep/qsiprep/sub-90077/ses-1/dwi/sub-90077_ses-1_acq-multiband_dir-AP_space-ACPC_desc-preproc_dwi.nii.gz	0.0	0.089479946	0.022676703	0.087666065	0.089479946	0.087666065	0.022676703	0.089564696	0.0895646959543228	sub-90077	ses-1		dir-AP	acq-multiband	space-ACPC			DSIStudio	autotrackgqi
Association_ExtremeCapsuleR	od	NODDI	/scratch/grmpy/SLURM_11194840_134/job-11194840-134-sub-90077/ds/inputs/data/qsiprep/qsiprep/sub-90077/ses-1/dwi/sub-90077_ses-1_acq-multiband_dir-AP_space-ACPC_desc-preproc_dwi.nii.gz	0.0	0.2874844	0.18253209	0.26201224	0.2874844	0.26201224	0.18253209	0.21661761	0.216617614030838	sub-90077	ses-1		dir-AP	acq-multiband	space-ACPC			DSIStudio	autotrackgqi
Association_ExtremeCapsuleR	rmse	NODDI	/scratch/grmpy/SLURM_11194840_134/job-11194840-134-sub-90077/ds/inputs/data/qsiprep/qsiprep/sub-90077/ses-1/dwi/sub-90077_ses-1_acq-multiband_dir-AP_space-ACPC_desc-preproc_dwi.nii.gz	0.0	0.04572845	0.011209402	0.045310475	0.04572845	0.045310475	0.011209402	0.04628924	0.0462892390787601	sub-90077	ses-1		dir-AP	acq-multiband	space-ACPC			DSIStudio	autotrackgqi
Association_ExtremeCapsuleR	tf	NODDI	/scratch/grmpy/SLURM_11194840_134/job-11194840-134-sub-90077/ds/inputs/data/qsiprep/qsiprep/sub-90077/ses-1/dwi/sub-90077_ses-1_acq-multiband_dir-AP_space-ACPC_desc-preproc_dwi.nii.gz	0.0011102886750555	0.89166826	0.12920767	0.9104732	0.89265937	0.9105149	0.12581119	0.8898191	0.889849066734314	sub-90077	ses-1		dir-AP	acq-multiband	space-ACPC			DSIStudio	autotrackgqi
Association_InferiorLongitudinalFasciculusR	directions	NODDI	/scratch/grmpy/SLURM_11194840_134/job-11194840-134-sub-90077/ds/inputs/data/qsiprep/qsiprep/sub-90077/ses-1/dwi/sub-90077_ses-1_acq-multiband_dir-AP_space-ACPC_desc-preproc_dwi.nii.gz	3.0	0.003102351	0.5772638	-0.022011958	0.0031031913	-0.022219237	0.5773419	0.22159548		sub-90077	ses-1		dir-AP	acq-multiband	space-ACPC			DSIStudio	autotrackgqi
Association_InferiorLongitudinalFasciculusR	icvf	NODDI	/scratch/grmpy/SLURM_11194840_134/job-11194840-134-sub-90077/ds/inputs/data/qsiprep/qsiprep/sub-90077/ses-1/dwi/sub-90077_ses-1_acq-multiband_dir-AP_space-ACPC_desc-preproc_dwi.nii.gz	0.0017151110308719	0.5299654	0.11208118	0.52675456	0.5308759	0.5268753	0.11000185	0.5635718	0.5636345148086548	sub-90077	ses-1		dir-AP	acq-multiband	space-ACPC			DSIStudio	autotrackgqi
Association_InferiorLongitudinalFasciculusR	isovf	NODDI	/scratch/grmpy/SLURM_11194840_134/job-11194840-134-sub-90077/ds/inputs/data/qsiprep/qsiprep/sub-90077/ses-1/dwi/sub-90077_ses-1_acq-multiband_dir-AP_space-ACPC_desc-preproc_dwi.nii.gz	0.3001444304025997	0.097172655	0.12664945	0.07732725	0.13884673	0.11527078	0.13089241	0.11192432	0.1262736171483993	sub-90077	ses-1		dir-AP	acq-multiband	space-ACPC			DSIStudio	autotrackgqi
Association_InferiorLongitudinalFasciculusR	modulated_icvf	NODDI	/scratch/grmpy/SLURM_11194840_134/job-11194840-134-sub-90077/ds/inputs/data/qsiprep/qsiprep/sub-90077/ses-1/dwi/sub-90077_ses-1_acq-multiband_dir-AP_space-ACPC_desc-preproc_dwi.nii.gz	0.0017151110308719	0.4724526	0.09183296	0.48081112	0.4732643	0.48094526	0.08979773	0.4969892	0.497044563293457	sub-90077	ses-1		dir-AP	acq-multiband	space-ACPC			DSIStudio	autotrackgqi
Association_InferiorLongitudinalFasciculusR	modulated_od	NODDI	/scratch/grmpy/SLURM_11194840_134/job-11194840-134-sub-90077/ds/inputs/data/qsiprep/qsiprep/sub-90077/ses-1/dwi/sub-90077_ses-1_acq-multiband_dir-AP_space-ACPC_desc-preproc_dwi.nii.gz	0.0008124210146235	0.2809445	0.18303216	0.24849343	0.28117293	0.24851067	0.18293107	0.17003867	0.1700464636087417	sub-90077	ses-1		dir-AP	acq-multiband	space-ACPC			DSIStudio	autotrackgqi
Association_InferiorLongitudinalFasciculusR	nrmse	NODDI	/scratch/grmpy/SLURM_11194840_134/job-11194840-134-sub-90077/ds/inputs/data/qsiprep/qsiprep/sub-90077/ses-1/dwi/sub-90077_ses-1_acq-multiband_dir-AP_space-ACPC_desc-preproc_dwi.nii.gz	0.0002708070048745	0.09534528	0.03475686	0.09038326	0.095371105	0.09039186	0.034726124	0.09479322	0.0947936028242111	sub-90077	ses-1		dir-AP	acq-multiband	space-ACPC			DSIStudio	autotrackgqi
Association_InferiorLongitudinalFasciculusR	od	NODDI	/scratch/grmpy/SLURM_11194840_134/job-11194840-134-sub-90077/ds/inputs/data/qsiprep/qsiprep/sub-90077/ses-1/dwi/sub-90077_ses-1_acq-multiband_dir-AP_space-ACPC_desc-preproc_dwi.nii.gz	0.0002708070048745	0.30889982	0.19066127	0.28106403	0.3089835	0.28107062	0.19061929	0.18815768	0.1881584376096725	sub-90077	ses-1		dir-AP	acq-multiband	space-ACPC			DSIStudio	autotrackgqi
Association_InferiorLongitudinalFasciculusR	rmse	NODDI	/scratch/grmpy/SLURM_11194840_134/job-11194840-134-sub-90077/ds/inputs/data/qsiprep/qsiprep/sub-90077/ses-1/dwi/sub-90077_ses-1_acq-multiband_dir-AP_space-ACPC_desc-preproc_dwi.nii.gz	0.0002708070048745	0.04874496	0.020218302	0.046118453	0.048758168	0.046126146	0.020205116	0.049094878	0.0490950755774974	sub-90077	ses-1		dir-AP	acq-multiband	space-ACPC			DSIStudio	autotrackgqi
Association_InferiorLongitudinalFasciculusR	tf	NODDI	/scratch/grmpy/SLURM_11194840_134/job-11194840-134-sub-90077/ds/inputs/data/qsiprep/qsiprep/sub-90077/ses-1/dwi/sub-90077_ses-1_acq-multiband_dir-AP_space-ACPC_desc-preproc_dwi.nii.gz	0.0017151110308719	0.90255654	0.1275076	0.9226583	0.9041072	0.9228739	0.122000694	0.88807166	0.8881704807281494	sub-90077	ses-1		dir-AP	acq-multiband	space-ACPC			DSIStudio	autotrackgqi
Association_SuperiorLongitudinalFasciculusL	directions	NODDI	/scratch/grmpy/SLURM_11194840_134/job-11194840-134-sub-90077/ds/inputs/data/qsiprep/qsiprep/sub-90077/ses-1/dwi/sub-90077_ses-1_acq-multiband_dir-AP_space-ACPC_desc-preproc_dwi.nii.gz	7.0	-0.016766341	0.57690585	-0.038263354	-0.01677801	-0.039027758	0.5771064	-0.09286381		sub-90077	ses-1		dir-AP	acq-multiband	space-ACPC			DSIStudio	autotrackgqi
Association_SuperiorLongitudinalFasciculusL	icvf	NODDI	/scratch/grmpy/SLURM_11194840_134/job-11194840-134-sub-90077/ds/inputs/data/qsiprep/qsiprep/sub-90077/ses-1/dwi/sub-90077_ses-1_acq-multiband_dir-AP_space-ACPC_desc-preproc_dwi.nii.gz	0.0032793401570108	0.52271914	0.11645537	0.5088761	0.524439	0.50952053	0.112714395	0.57705545	0.5772563219070435	sub-90077	ses-1		dir-AP	acq-multiband	space-ACPC			DSIStudio	autotrackgqi
Association_SuperiorLongitudinalFasciculusL	isovf	NODDI	/scratch/grmpy/SLURM_11194840_134/job-11194840-134-sub-90077/ds/inputs/data/qsiprep/qsiprep/sub-90077/ses-1/dwi/sub-90077_ses-1_acq-multiband_dir-AP_space-ACPC_desc-preproc_dwi.nii.gz	0.3683792109708834	0.090040036	0.13930164	0.053852458	0.14255394	0.111621834	0.15243492	0.09936813	0.121665321290493	sub-90077	ses-1		dir-AP	acq-multiband	space-ACPC			DSIStudio	autotrackgqi
Association_SuperiorLongitudinalFasciculusL	modulated_icvf	NODDI	/scratch/grmpy/SLURM_11194840_134/job-11194840-134-sub-90077/ds/inputs/data/qsiprep/qsiprep/sub-90077/ses-1/dwi/sub-90077_ses-1_acq-multiband_dir-AP_space-ACPC_desc-preproc_dwi.nii.gz	0.0032793401570108	0.47019887	0.09736418	0.48296532	0.4717459	0.4833885	0.09370793	0.51558095	0.5157603621482849	sub-90077	ses-1		dir-AP	acq-multiband	space-ACPC			DSIStudio	autotrackgqi
Association_SuperiorLongitudinalFasciculusL	modulated_od	NODDI	/scratch/grmpy/SLURM_11194840_134/job-11194840-134-sub-90077/ds/inputs/data/qsiprep/qsiprep/sub-90077/ses-1/dwi/sub-90077_ses-1_acq-multiband_dir-AP_space-ACPC_desc-preproc_dwi.nii.gz	0.0019874788830368	0.33305192	0.18461366	0.30560604	0.33371517	0.30613348	0.18419756	0.24155253	0.2415965050458908	sub-90077	ses-1		dir-AP	acq-multiband	space-ACPC			DSIStudio	autotrackgqi
Association_SuperiorLongitudinalFasciculusL	nrmse	NODDI	/scratch/grmpy/SLURM_11194840_134/job-11194840-134-sub-90077/ds/inputs/data/qsiprep/qsiprep/sub-90077/ses-1/dwi/sub-90077_ses-1_acq-multiband_dir-AP_space-ACPC_desc-preproc_dwi.nii.gz	0.0006956176090629	0.08594319	0.026259376	0.08238683	0.08600302	0.08239795	0.026170395	0.09073951	0.0907463058829307	sub-90077	ses-1		dir-AP	acq-multiband	space-ACPC			DSIStudio	autotrackgqi
Association_SuperiorLongitudinalFasciculusL	od	NODDI	/scratch/grmpy/SLURM_11194840_134/job-11194840-134-sub-90077/ds/inputs/data/qsiprep/qsiprep/sub-90077/ses-1/dwi/sub-90077_ses-1_acq-multiband_dir-AP_space-ACPC_desc-preproc_dwi.nii.gz	0.0006956176090629	0.36732918	0.19188833	0.3466418	0.36758488	0.34679466	0.19171013	0.26543814	0.2654580175876617	sub-90077	ses-1		dir-AP	acq-multiband	space-ACPC			DSIStudio	autotrackgqi
Association_SuperiorLongitudinalFasciculusL	rmse	NODDI	/scratch/grmpy/SLURM_11194840_134/job-11194840-134-sub-90077/ds/inputs/data/qsiprep/qsiprep/sub-90077/ses-1/dwi/sub-90077_ses-1_acq-multiband_dir-AP_space-ACPC_desc-preproc_dwi.nii.gz	0.0006956176090629	0.04392086	0.015433475	0.042283025	0.043951433	0.042294156	0.015395265	0.04754557	0.0475491359829902	sub-90077	ses-1		dir-AP	acq-multiband	space-ACPC			DSIStudio	autotrackgqi
Association_SuperiorLongitudinalFasciculusL	tf	NODDI	/scratch/grmpy/SLURM_11194840_134/job-11194840-134-sub-90077/ds/inputs/data/qsiprep/qsiprep/sub-90077/ses-1/dwi/sub-90077_ses-1_acq-multiband_dir-AP_space-ACPC_desc-preproc_dwi.nii.gz	0.0032793401570108	0.9092643	0.14133228	0.9460268	0.9122559	0.94647527	0.13157292	0.900557	0.900870442390442	sub-90077	ses-1		dir-AP	acq-multiband	space-ACPC			DSIStudio	autotrackgqi
ProjectionBasalGanglia_AnsaSubthalamicaL	directions	NODDI	/scratch/grmpy/SLURM_11194840_134/job-11194840-134-sub-90077/ds/inputs/data/qsiprep/qsiprep/sub-90077/ses-1/dwi/sub-90077_ses-1_acq-multiband_dir-AP_space-ACPC_desc-preproc_dwi.nii.gz	0.0	-0.019796569	0.5770108	-0.009302302	-0.019796569	-0.009302302	0.5770108	-0.08731258		sub-90077	ses-1		dir-AP	acq-multiband	space-ACPC			DSIStudio	autotrackgqi
ProjectionBasalGanglia_AnsaSubthalamicaL	icvf	NODDI	/scratch/grmpy/SLURM_11194840_134/job-11194840-134-sub-90077/ds/inputs/data/qsiprep/qsiprep/sub-90077/ses-1/dwi/sub-90077_ses-1_acq-multiband_dir-AP_space-ACPC_desc-preproc_dwi.nii.gz	0.006006006006006	0.6514159	0.17750905	0.63170373	0.65535194	0.6317676	0.17064688	0.6330228	0.6338034272193909	sub-90077	ses-1		dir-AP	acq-multiband	space-ACPC			DSIStudio	autotrackgqi
ProjectionBasalGanglia_AnsaSubthalamicaL	isovf	NODDI	/scratch/grmpy/SLURM_11194840_134/job-11194840-134-sub-90077/ds/inputs/data/qsiprep/qsiprep/sub-90077/ses-1/dwi/sub-90077_ses-1_acq-multiband_dir-AP_space-ACPC_desc-preproc_dwi.nii.gz	0.1576576576576576	0.16996779	0.1738558	0.14283377	0.20177995	0.16851605	0.17165089	0.14416301	0.1708975434303283	sub-90077	ses-1		dir-AP	acq-multiband	space-ACPC			DSIStudio	autotrackgqi
ProjectionBasalGanglia_AnsaSubthalamicaL	modulated_icvf	NODDI	/scratch/grmpy/SLURM_11194840_134/job-11194840-134-sub-90077/ds/inputs/data/qsiprep/qsiprep/sub-90077/ses-1/dwi/sub-90077_ses-1_acq-multiband_dir-AP_space-ACPC_desc-preproc_dwi.nii.gz	0.006006006006006	0.52804893	0.1400922	0.5262884	0.5312395	0.5278319	0.13434812	0.53445256	0.535111665725708	sub-90077	ses-1		dir-AP	acq-multiband	space-ACPC			DSIStudio	autotrackgqi
ProjectionBasalGanglia_AnsaSubthalamicaL	modulated_od	NODDI	/scratch/grmpy/SLURM_11194840_134/job-11194840-134-sub-90077/ds/inputs/data/qsiprep/qsiprep/sub-90077/ses-1/dwi/sub-90077_ses-1_acq-multiband_dir-AP_space-ACPC_desc-preproc_dwi.nii.gz	0.0	0.24549921	0.13800398	0.24465635	0.24549921	0.24465635	0.13800398	0.24282008	0.2428200840950012	sub-90077	ses-1		dir-AP	acq-multiband	space-ACPC			DSIStudio	autotrackgqi
ProjectionBasalGanglia_AnsaSubthalamicaL	nrmse	NODDI	/scratch/grmpy/SLURM_11194840_134/job-11194840-134-sub-90077/ds/inputs/data/qsiprep/qsiprep/sub-90077/ses-1/dwi/sub-90077_ses-1_acq-multiband_dir-AP_space-ACPC_desc-preproc_dwi.nii.gz	0.0	0.13657683	0.044308532	0.13016826	0.13657683	0.13016826	0.044308532	0.13307753	0.1330775320529937	sub-90077	ses-1		dir-AP	acq-multiband	space-ACPC			DSIStudio	autotrackgqi
ProjectionBasalGanglia_AnsaSubthalamicaL	od	NODDI	/scratch/grmpy/SLURM_11194840_134/job-11194840-134-sub-90077/ds/inputs/data/qsiprep/qsiprep/sub-90077/ses-1/dwi/sub-90077_ses-1_acq-multiband_dir-AP_space-ACPC_desc-preproc_dwi.nii.gz	0.0	0.2967188	0.15427867	0.28832793	0.2967188	0.28832793	0.15427867	0.28375787	0.2837578654289245	sub-90077	ses-1		dir-AP	acq-multiband	space-ACPC			DSIStudio	autotrackgqi
ProjectionBasalGanglia_AnsaSubthalamicaL	rmse	NODDI	/scratch/grmpy/SLURM_11194840_134/job-11194840-134-sub-90077/ds/inputs/data/qsiprep/qsiprep/sub-90077/ses-1/dwi/sub-90077_ses-1_acq-multiband_dir-AP_space-ACPC_desc-preproc_dwi.nii.gz	0.0	0.0701162	0.021943828	0.06716358	0.0701162	0.06716358	0.021943828	0.06999152	0.0699915215373039	sub-90077	ses-1		dir-AP	acq-multiband	space-ACPC			DSIStudio	autotrackgqi
ProjectionBasalGanglia_AnsaSubthalamicaL	tf	NODDI	/scratch/grmpy/SLURM_11194840_134/job-11194840-134-sub-90077/ds/inputs/data/qsiprep/qsiprep/sub-90077/ses-1/dwi/sub-90077_ses-1_acq-multiband_dir-AP_space-ACPC_desc-preproc_dwi.nii.gz	0.006006006006006	0.8300323	0.1738558	0.85716623	0.8350476	0.85775864	0.16192733	0.855837	0.856892466545105	sub-90077	ses-1		dir-AP	acq-multiband	space-ACPC			DSIStudio	autotrackgqi
ProjectionBasalGanglia_FasciculusSubthalamicusR	directions	NODDI	/scratch/grmpy/SLURM_11194840_134/job-11194840-134-sub-90077/ds/inputs/data/qsiprep/qsiprep/sub-90077/ses-1/dwi/sub-90077_ses-1_acq-multiband_dir-AP_space-ACPC_desc-preproc_dwi.nii.gz	0.0	0.0020675566	0.57734656	-0.046626292	0.0020675566	-0.046626292	0.57734656	-0.051304594		sub-90077	ses-1		dir-AP	acq-multiband	space-ACPC			DSIStudio	autotrackgqi
ProjectionBasalGanglia_FasciculusSubthalamicusR	icvf	NODDI	/scratch/grmpy/SLURM_11194840_134/job-11194840-134-sub-90077/ds/inputs/data/qsiprep/qsiprep/sub-90077/ses-1/dwi/sub-90077_ses-1_acq-multiband_dir-AP_space-ACPC_desc-preproc_dwi.nii.gz	0.0018315018315018	0.63874745	0.15124057	0.6066545	0.63991946	0.6067263	0.14888147	0.64979273	0.6500986814498901	sub-90077	ses-1		dir-AP	acq-multiband	space-ACPC			DSIStudio	autotrackgqi
ProjectionBasalGanglia_FasciculusSubthalamicusR	isovf	NODDI	/scratch/grmpy/SLURM_11194840_134/job-11194840-134-sub-90077/ds/inputs/data/qsiprep/qsiprep/sub-90077/ses-1/dwi/sub-90077_ses-1_acq-multiband_dir-AP_space-ACPC_desc-preproc_dwi.nii.gz	0.1547619047619047	0.17121033	0.17584358	0.13389525	0.20255871	0.15497015	0.17387545	0.20099977	0.2215219736099243	sub-90077	ses-1		dir-AP	acq-multiband	space-ACPC			DSIStudio	autotrackgqi
ProjectionBasalGanglia_FasciculusSubthalamicusR	modulated_icvf	NODDI	/scratch/grmpy/SLURM_11194840_134/job-11194840-134-sub-90077/ds/inputs/data/qsiprep/qsiprep/sub-90077/ses-1/dwi/sub-90077_ses-1_acq-multiband_dir-AP_space-ACPC_desc-preproc_dwi.nii.gz	0.0018315018315018	0.51243687	0.10871541	0.51839185	0.51337713	0.51879543	0.10657402	0.5000992	0.500334620475769	sub-90077	ses-1		dir-AP	acq-multiband	space-ACPC			DSIStudio	autotrackgqi
ProjectionBasalGanglia_FasciculusSubthalamicusR	modulated_od	NODDI	/scratch/grmpy/SLURM_11194840_134/job-11194840-134-sub-90077/ds/inputs/data/qsiprep/qsiprep/sub-90077/ses-1/dwi/sub-90077_ses-1_acq-multiband_dir-AP_space-ACPC_desc-preproc_dwi.nii.gz	0.0	0.24673925	0.14256483	0.24508744	0.24673925	0.24508744	0.14256483	0.21795598	0.2179559767246246	sub-90077	ses-1		dir-AP	acq-multiband	space-ACPC			DSIStudio	autotrackgqi
ProjectionBasalGanglia_FasciculusSubthalamicusR	nrmse	NODDI	/scratch/grmpy/SLURM_11194840_134/job-11194840-134-sub-90077/ds/inputs/data/qsiprep/qsiprep/sub-90077/ses-1/dwi/sub-90077_ses-1_acq-multiband_dir-AP_space-ACPC_desc-preproc_dwi.nii.gz	0.0	0.1145028	0.04757437	0.10587107	0.1145028	0.10587107	0.04757437	0.11427006	0.1142700612545013	sub-90077	ses-1		dir-AP	acq-multiband	space-ACPC			DSIStudio	autotrackgqi
ProjectionBasalGanglia_FasciculusSubthalamicusR	od	NODDI	/scratch/grmpy/SLURM_11194840_134/job-11194840-134-sub-90077/ds/inputs/data/qsiprep/qsiprep/sub-90077/ses-1/dwi/sub-90077_ses-1_acq-multiband_dir-AP_space-ACPC_desc-preproc_dwi.nii.gz	0.0	0.29348072	0.15074281	0.2948361	0.29348072	0.2948361	0.15074281	0.26744747	0.2674474716186523	sub-90077	ses-1		dir-AP	acq-multiband	space-ACPC			DSIStudio	autotrackgqi
ProjectionBasalGanglia_FasciculusSubthalamicusR	rmse	NODDI	/scratch/grmpy/SLURM_11194840_134/job-11194840-134-sub-90077/ds/inputs/data/qsiprep/qsiprep/sub-90077/ses-1/dwi/sub-90077_ses-1_acq-multiband_dir-AP_space-ACPC_desc-preproc_dwi.nii.gz	0.0	0.056970127	0.01643941	0.05439901	0.056970127	0.05439901	0.01643941	0.056169152	0.0561691522598266	sub-90077	ses-1		dir-AP	acq-multiband	space-ACPC			DSIStudio	autotrackgqi
ProjectionBasalGanglia_FasciculusSubthalamicusR	tf	NODDI	/scratch/grmpy/SLURM_11194840_134/job-11194840-134-sub-90077/ds/inputs/data/qsiprep/qsiprep/sub-90077/ses-1/dwi/sub-90077_ses-1_acq-multiband_dir-AP_space-ACPC_desc-preproc_dwi.nii.gz	0.0018315018315018	0.82878965	0.1758436	0.8661047	0.8303104	0.86650443	0.17238052	0.79900026	0.7993764281272888	sub-90077	ses-1		dir-AP	acq-multiband	space-ACPC			DSIStudio	autotrackgqi
ProjectionBasalGanglia_CorticostriatalTractR	directions	NODDI	/scratch/grmpy/SLURM_11194840_134/job-11194840-134-sub-90077/ds/inputs/data/qsiprep/qsiprep/sub-90077/ses-1/dwi/sub-90077_ses-1_acq-multiband_dir-AP_space-ACPC_desc-preproc_dwi.nii.gz	4.0	-0.021954246	0.5768642	-0.06099778	-0.021959456	-0.061167415	0.5769325	-0.135581		sub-90077	ses-1		dir-AP	acq-multiband	space-ACPC			DSIStudio	autotrackgqi
ProjectionBasalGanglia_CorticostriatalTractR	icvf	NODDI	/scratch/grmpy/SLURM_11194840_134/job-11194840-134-sub-90077/ds/inputs/data/qsiprep/qsiprep/sub-90077/ses-1/dwi/sub-90077_ses-1_acq-multiband_dir-AP_space-ACPC_desc-preproc_dwi.nii.gz	0.0011266603415559	0.5592328	0.113028064	0.559269	0.55986357	0.5594086	0.11151953	0.5972483	0.597284734249115	sub-90077	ses-1		dir-AP	acq-multiband	space-ACPC			DSIStudio	autotrackgqi
ProjectionBasalGanglia_CorticostriatalTractR	isovf	NODDI	/scratch/grmpy/SLURM_11194840_134/job-11194840-134-sub-90077/ds/inputs/data/qsiprep/qsiprep/sub-90077/ses-1/dwi/sub-90077_ses-1_acq-multiband_dir-AP_space-ACPC_desc-preproc_dwi.nii.gz	0.2032139468690702	0.10897529	0.10999525	0.100716494	0.13676856	0.12271296	0.10669326	0.12017095	0.1323474049568176	sub-90077	ses-1		dir-AP	acq-multiband	space-ACPC			DSIStudio	autotrackgqi
ProjectionBasalGanglia_CorticostriatalTractR	modulated_icvf	NODDI	/scratch/grmpy/SLURM_11194840_134/job-11194840-134-sub-90077/ds/inputs/data/qsiprep/qsiprep/sub-90077/ses-1/dwi/sub-90077_ses-1_acq-multiband_dir-AP_space-ACPC_desc-preproc_dwi.nii.gz	0.0011266603415559	0.49246064	0.08699021	0.4986795	0.49301612	0.4988246	0.085451625	0.52159727	0.5216291546821594	sub-90077	ses-1		dir-AP	acq-multiband	space-ACPC			DSIStudio	autotrackgqi
ProjectionBasalGanglia_CorticostriatalTractR	modulated_od	NODDI	/scratch/grmpy/SLURM_11194840_134/job-11194840-134-sub-90077/ds/inputs/data/qsiprep/qsiprep/sub-90077/ses-1/dwi/sub-90077_ses-1_acq-multiband_dir-AP_space-ACPC_desc-preproc_dwi.nii.gz	0.0005929791271347	0.25628114	0.16455686	0.22951987	0.25643322	0.22968987	0.16448718	0.19449428	0.1944976598024368	sub-90077	ses-1		dir-AP	acq-multiband	space-ACPC			DSIStudio	autotrackgqi
ProjectionBasalGanglia_CorticostriatalTractR	nrmse	NODDI	/scratch/grmpy/SLURM_11194840_134/job-11194840-134-sub-90077/ds/inputs/data/qsiprep/qsiprep/sub-90077/ses-1/dwi/sub-90077_ses-1_acq-multiband_dir-AP_space-ACPC_desc-preproc_dwi.nii.gz	0.0002371916508538	0.09200881	0.025584295	0.08918345	0.09203063	0.08919028	0.025548043	0.091681786	0.0916824862360954	sub-90077	ses-1		dir-AP	acq-multiband	space-ACPC			DSIStudio	autotrackgqi
ProjectionBasalGanglia_CorticostriatalTractR	od	NODDI	/scratch/grmpy/SLURM_11194840_134/job-11194840-134-sub-90077/ds/inputs/data/qsiprep/qsiprep/sub-90077/ses-1/dwi/sub-90077_ses-1_acq-multiband_dir-AP_space-ACPC_desc-preproc_dwi.nii.gz	0.0002371916508538	0.2856261	0.17364198	0.26281893	0.28569388	0.26284736	0.17360684	0.21921562	0.2192172855138778	sub-90077	ses-1		dir-AP	acq-multiband	space-ACPC			DSIStudio	autotrackgqi
ProjectionBasalGanglia_CorticostriatalTractR	rmse	NODDI	/scratch/grmpy/SLURM_11194840_134/job-11194840-134-sub-90077/ds/inputs/data/qsiprep/qsiprep/sub-90077/ses-1/dwi/sub-90077_ses-1_acq-multiband_dir-AP_space-ACPC_desc-preproc_dwi.nii.gz	0.0002371916508538	0.047291826	0.013670383	0.045990758	0.047303047	0.04599437	0.013652581	0.047849316	0.0478496812283992	sub-90077	ses-1		dir-AP	acq-multiband	space-ACPC			DSIStudio	autotrackgqi
ProjectionBasalGanglia_CorticostriatalTractR	tf	NODDI	/scratch/grmpy/SLURM_11194840_134/job-11194840-134-sub-90077/ds/inputs/data/qsiprep/qsiprep/sub-90077/ses-1/dwi/sub-90077_ses-1_acq-multiband_dir-AP_space-ACPC_desc-preproc_dwi.nii.gz	0.0011266603415559	0.89078754	0.110834986	0.8992114	0.8917923	0.8993853	0.10678121	0.8798214	0.879875123500824	sub-90077	ses-1		dir-AP	acq-multiband	space-ACPC			DSIStudio	autotrackgqi
ProjectionBrainstem_CorticospinalTractL	directions	NODDI	/scratch/grmpy/SLURM_11194840_134/job-11194840-134-sub-90077/ds/inputs/data/qsiprep/qsiprep/sub-90077/ses-1/dwi/sub-90077_ses-1_acq-multiband_dir-AP_space-ACPC_desc-preproc_dwi.nii.gz	0.0	0.15540677	0.5560414	0.07654615	0.15540677	0.07654615	0.5560414	0.5542016		sub-90077	ses-1		dir-AP	acq-multiband	space-ACPC			DSIStudio	autotrackgqi
ProjectionBrainstem_CorticospinalTractL	icvf	NODDI	/scratch/grmpy/SLURM_11194840_134/job-11194840-134-sub-90077/ds/inputs/data/qsiprep/qsiprep/sub-90077/ses-1/dwi/sub-90077_ses-1_acq-multiband_dir-AP_space-ACPC_desc-preproc_dwi.nii.gz	0.0027397260273972	0.67055666	0.13717985	0.6678791	0.6723988	0.6683584	0.132783	0.7059976	0.7062509655952454	sub-90077	ses-1		dir-AP	acq-multiband	space-ACPC			DSIStudio	autotrackgqi
ProjectionBrainstem_CorticospinalTractL	isovf	NODDI	/scratch/grmpy/SLURM_11194840_134/job-11194840-134-sub-90077/ds/inputs/data/qsiprep/qsiprep/sub-90077/ses-1/dwi/sub-90077_ses-1_acq-multiband_dir-AP_space-ACPC_desc-preproc_dwi.nii.gz	0.0981735159817351	0.14219321	0.129235	0.124442026	0.15767248	0.13349015	0.12680374	0.13311179	0.143099308013916	sub-90077	ses-1		dir-AP	acq-multiband	space-ACPC			DSIStudio	autotrackgqi
ProjectionBrainstem_CorticospinalTractL	modulated_icvf	NODDI	/scratch/grmpy/SLURM_11194840_134/job-11194840-134-sub-90077/ds/inputs/data/qsiprep/qsiprep/sub-90077/ses-1/dwi/sub-90077_ses-1_acq-multiband_dir-AP_space-ACPC_desc-preproc_dwi.nii.gz	0.0027397260273972	0.56594193	0.11048054	0.5631865	0.5674967	0.5634997	0.106569916	0.6059964	0.6062138080596924	sub-90077	ses-1		dir-AP	acq-multiband	space-ACPC			DSIStudio	autotrackgqi
ProjectionBrainstem_CorticospinalTractL	modulated_od	NODDI	/scratch/grmpy/SLURM_11194840_134/job-11194840-134-sub-90077/ds/inputs/data/qsiprep/qsiprep/sub-90077/ses-1/dwi/sub-90077_ses-1_acq-multiband_dir-AP_space-ACPC_desc-preproc_dwi.nii.gz	0.0	0.21557486	0.1448663	0.19876838	0.21557486	0.19876838	0.1448663	0.18099561	0.1809956133365631	sub-90077	ses-1		dir-AP	acq-multiband	space-ACPC			DSIStudio	autotrackgqi
ProjectionBrainstem_CorticospinalTractL	nrmse	NODDI	/scratch/grmpy/SLURM_11194840_134/job-11194840-134-sub-90077/ds/inputs/data/qsiprep/qsiprep/sub-90077/ses-1/dwi/sub-90077_ses-1_acq-multiband_dir-AP_space-ACPC_desc-preproc_dwi.nii.gz	0.0018264840182648	0.10971959	0.039354607	0.10292906	0.10992036	0.102943026	0.039109476	0.111540675	0.1115476861596107	sub-90077	ses-1		dir-AP	acq-multiband	space-ACPC			DSIStudio	autotrackgqi
ProjectionBrainstem_CorticospinalTractL	od	NODDI	/scratch/grmpy/SLURM_11194840_134/job-11194840-134-sub-90077/ds/inputs/data/qsiprep/qsiprep/sub-90077/ses-1/dwi/sub-90077_ses-1_acq-multiband_dir-AP_space-ACPC_desc-preproc_dwi.nii.gz	0.0	0.25427392	0.16244195	0.2415676	0.25427392	0.2415676	0.16244195	0.21295372	0.2129537165164947	sub-90077	ses-1		dir-AP	acq-multiband	space-ACPC			DSIStudio	autotrackgqi
ProjectionBrainstem_CorticospinalTractL	rmse	NODDI	/scratch/grmpy/SLURM_11194840_134/job-11194840-134-sub-90077/ds/inputs/data/qsiprep/qsiprep/sub-90077/ses-1/dwi/sub-90077_ses-1_acq-multiband_dir-AP_space-ACPC_desc-preproc_dwi.nii.gz	0.0018264840182648	0.05767725	0.016587416	0.054895103	0.05778279	0.05495128	0.0164179	0.060624357	0.060628168284893	sub-90077	ses-1		dir-AP	acq-multiband	space-ACPC			DSIStudio	autotrackgqi
ProjectionBrainstem_CorticospinalTractL	tf	NODDI	/scratch/grmpy/SLURM_11194840_134/job-11194840-134-sub-90077/ds/inputs/data/qsiprep/qsiprep/sub-90077/ses-1/dwi/sub-90077_ses-1_acq-multiband_dir-AP_space-ACPC_desc-preproc_dwi.nii.gz	0.0009132420091324	0.8578068	0.12923498	0.87555796	0.8585909	0.87558705	0.12666383	0.86688817	0.8671448826789856	sub-90077	ses-1		dir-AP	acq-multiband	space-ACPC			DSIStudio	autotrackgqi
ProjectionBasalGanglia_AcousticRadiationR	directions	NODDI	/scratch/grmpy/SLURM_11194840_134/job-11194840-134-sub-90077/ds/inputs/data/qsiprep/qsiprep/sub-90077/ses-1/dwi/sub-90077_ses-1_acq-multiband_dir-AP_space-ACPC_desc-preproc_dwi.nii.gz	0.0	-0.06387049	0.57380646	-0.11919299	-0.06387049	-0.11919299	0.57380646	-0.12947653		sub-90077	ses-1		dir-AP	acq-multiband	space-ACPC			DSIStudio	autotrackgqi
ProjectionBasalGanglia_AcousticRadiationR	icvf	NODDI	/scratch/grmpy/SLURM_11194840_134/job-11194840-134-sub-90077/ds/inputs/data/qsiprep/qsiprep/sub-90077/ses-1/dwi/sub-90077_ses-1_acq-multiband_dir-AP_space-ACPC_desc-preproc_dwi.nii.gz	0.0053533190578158	0.6585777	0.16143659	0.623676	0.66212225	0.6243527	0.154451	0.6525533	0.6531678438186646	sub-90077	ses-1		dir-AP	acq-multiband	space-ACPC			DSIStudio	autotrackgqi
ProjectionBasalGanglia_AcousticRadiationR	isovf	NODDI	/scratch/grmpy/SLURM_11194840_134/job-11194840-134-sub-90077/ds/inputs/data/qsiprep/qsiprep/sub-90077/ses-1/dwi/sub-90077_ses-1_acq-multiband_dir-AP_space-ACPC_desc-preproc_dwi.nii.gz	0.0829764453961456	0.20652999	0.21405146	0.13817996	0.22521776	0.14753097	0.21390425	0.16906495	0.181388109922409	sub-90077	ses-1		dir-AP	acq-multiband	space-ACPC			DSIStudio	autotrackgqi
ProjectionBasalGanglia_AcousticRadiationR	modulated_icvf	NODDI	/scratch/grmpy/SLURM_11194840_134/job-11194840-134-sub-90077/ds/inputs/data/qsiprep/qsiprep/sub-90077/ses-1/dwi/sub-90077_ses-1_acq-multiband_dir-AP_space-ACPC_desc-preproc_dwi.nii.gz	0.0053533190578158	0.5027138	0.13137393	0.5153285	0.5054195	0.51569086	0.12642983	0.528773	0.5292709469795227	sub-90077	ses-1		dir-AP	acq-multiband	space-ACPC			DSIStudio	autotrackgqi
ProjectionBasalGanglia_AcousticRadiationR	modulated_od	NODDI	/scratch/grmpy/SLURM_11194840_134/job-11194840-134-sub-90077/ds/inputs/data/qsiprep/qsiprep/sub-90077/ses-1/dwi/sub-90077_ses-1_acq-multiband_dir-AP_space-ACPC_desc-preproc_dwi.nii.gz	0.0	0.1675664	0.12921889	0.13539863	0.1675664	0.13539863	0.12921889	0.1495446	0.1495445966720581	sub-90077	ses-1		dir-AP	acq-multiband	space-ACPC			DSIStudio	autotrackgqi
ProjectionBasalGanglia_AcousticRadiationR	nrmse	NODDI	/scratch/grmpy/SLURM_11194840_134/job-11194840-134-sub-90077/ds/inputs/data/qsiprep/qsiprep/sub-90077/ses-1/dwi/sub-90077_ses-1_acq-multiband_dir-AP_space-ACPC_desc-preproc_dwi.nii.gz	0.0	0.11073302	0.038151246	0.102426186	0.11073302	0.102426186	0.038151246	0.10539696	0.1053969636559486	sub-90077	ses-1		dir-AP	acq-multiband	space-ACPC			DSIStudio	autotrackgqi
ProjectionBasalGanglia_AcousticRadiationR	od	NODDI	/scratch/grmpy/SLURM_11194840_134/job-11194840-134-sub-90077/ds/inputs/data/qsiprep/qsiprep/sub-90077/ses-1/dwi/sub-90077_ses-1_acq-multiband_dir-AP_space-ACPC_desc-preproc_dwi.nii.gz	0.0	0.2166153	0.15809384	0.19903733	0.2166153	0.19903733	0.15809384	0.18091491	0.1809149086475372	sub-90077	ses-1		dir-AP	acq-multiband	space-ACPC			DSIStudio	autotrackgqi
ProjectionBasalGanglia_AcousticRadiationR	rmse	NODDI	/scratch/grmpy/SLURM_11194840_134/job-11194840-134-sub-90077/ds/inputs/data/qsiprep/qsiprep/sub-90077/ses-1/dwi/sub-90077_ses-1_acq-multiband_dir-AP_space-ACPC_desc-preproc_dwi.nii.gz	0.0	0.05491276	0.014706499	0.05226148	0.05491276	0.05226148	0.014706499	0.05408547	0.0540854707360267	sub-90077	ses-1		dir-AP	acq-multiband	space-ACPC			DSIStudio	autotrackgqi
ProjectionBasalGanglia_AcousticRadiationR	tf	NODDI	/scratch/grmpy/SLURM_11194840_134/job-11194840-134-sub-90077/ds/inputs/data/qsiprep/qsiprep/sub-90077/ses-1/dwi/sub-90077_ses-1_acq-multiband_dir-AP_space-ACPC_desc-preproc_dwi.nii.gz	0.0053533190578158	0.79346997	0.21405146	0.86182004	0.7977405	0.8623909	0.20653771	0.830935	0.8317175507545471	sub-90077	ses-1		dir-AP	acq-multiband	space-ACPC			DSIStudio	autotrackgqi
ProjectionBrainstem_DentatorubrothalamicTract-lr	directions	NODDI	/scratch/grmpy/SLURM_11194840_134/job-11194840-134-sub-90077/ds/inputs/data/qsiprep/qsiprep/sub-90077/ses-1/dwi/sub-90077_ses-1_acq-multiband_dir-AP_space-ACPC_desc-preproc_dwi.nii.gz	0.0	-0.08439985	0.571148	-0.20089445	-0.08439985	-0.20089445	0.571148	-0.2808188		sub-90077	ses-1		dir-AP	acq-multiband	space-ACPC			DSIStudio	autotrackgqi
ProjectionBrainstem_DentatorubrothalamicTract-lr	icvf	NODDI	/scratch/grmpy/SLURM_11194840_134/job-11194840-134-sub-90077/ds/inputs/data/qsiprep/qsiprep/sub-90077/ses-1/dwi/sub-90077_ses-1_acq-multiband_dir-AP_space-ACPC_desc-preproc_dwi.nii.gz	0.0106382978723404	0.6521993	0.1506145	0.6407016	0.65921223	0.64247066	0.13529842	0.6983579	0.7139778733253479	sub-90077	ses-1		dir-AP	acq-multiband	space-ACPC			DSIStudio	autotrackgqi
ProjectionBrainstem_DentatorubrothalamicTract-lr	isovf	NODDI	/scratch/grmpy/SLURM_11194840_134/job-11194840-134-sub-90077/ds/inputs/data/qsiprep/qsiprep/sub-90077/ses-1/dwi/sub-90077_ses-1_acq-multiband_dir-AP_space-ACPC_desc-preproc_dwi.nii.gz	0.0516717325227963	0.17390683	0.1532163	0.15009525	0.18338253	0.154645	0.15171243	0.20212308	0.212131381034851	sub-90077	ses-1		dir-AP	acq-multiband	space-ACPC			DSIStudio	autotrackgqi
ProjectionBrainstem_DentatorubrothalamicTract-lr	modulated_icvf	NODDI	/scratch/grmpy/SLURM_11194840_134/job-11194840-134-sub-90077/ds/inputs/data/qsiprep/qsiprep/sub-90077/ses-1/dwi/sub-90077_ses-1_acq-multiband_dir-AP_space-ACPC_desc-preproc_dwi.nii.gz	0.0106382978723404	0.535293	0.12256641	0.5397409	0.5410488	0.54088587	0.10986295	0.557254	0.5697180032730103	sub-90077	ses-1		dir-AP	acq-multiband	space-ACPC			DSIStudio	autotrackgqi
ProjectionBrainstem_DentatorubrothalamicTract-lr	modulated_od	NODDI	/scratch/grmpy/SLURM_11194840_134/job-11194840-134-sub-90077/ds/inputs/data/qsiprep/qsiprep/sub-90077/ses-1/dwi/sub-90077_ses-1_acq-multiband_dir-AP_space-ACPC_desc-preproc_dwi.nii.gz	0.0	0.17944974	0.109693356	0.18723918	0.17944974	0.18723918	0.109693356	0.16166738	0.1616673767566681	sub-90077	ses-1		dir-AP	acq-multiband	space-ACPC			DSIStudio	autotrackgqi
ProjectionBrainstem_DentatorubrothalamicTract-lr	nrmse	NODDI	/scratch/grmpy/SLURM_11194840_134/job-11194840-134-sub-90077/ds/inputs/data/qsiprep/qsiprep/sub-90077/ses-1/dwi/sub-90077_ses-1_acq-multiband_dir-AP_space-ACPC_desc-preproc_dwi.nii.gz	0.0	0.10459158	0.026760714	0.099451646	0.10459158	0.099451646	0.026760714	0.116407156	0.1164071559906005	sub-90077	ses-1		dir-AP	acq-multiband	space-ACPC			DSIStudio	autotrackgqi
ProjectionBrainstem_DentatorubrothalamicTract-lr	od	NODDI	/scratch/grmpy/SLURM_11194840_134/job-11194840-134-sub-90077/ds/inputs/data/qsiprep/qsiprep/sub-90077/ses-1/dwi/sub-90077_ses-1_acq-multiband_dir-AP_space-ACPC_desc-preproc_dwi.nii.gz	0.0	0.22653523	0.14652652	0.22699483	0.22653523	0.22699483	0.14652652	0.22023779	0.2202377915382385	sub-90077	ses-1		dir-AP	acq-multiband	space-ACPC			DSIStudio	autotrackgqi
ProjectionBrainstem_DentatorubrothalamicTract-lr	rmse	NODDI	/scratch/grmpy/SLURM_11194840_134/job-11194840-134-sub-90077/ds/inputs/data/qsiprep/qsiprep/sub-90077/ses-1/dwi/sub-90077_ses-1_acq-multiband_dir-AP_space-ACPC_desc-preproc_dwi.nii.gz	0.0	0.054077666	0.014673519	0.051776066	0.054077666	0.051776066	0.014673519	0.060543507	0.0605435073375701	sub-90077	ses-1		dir-AP	acq-multiband	space-ACPC			DSIStudio	autotrackgqi
ProjectionBrainstem_DentatorubrothalamicTract-lr	tf	NODDI	/scratch/grmpy/SLURM_11194840_134/job-11194840-134-sub-90077/ds/inputs/data/qsiprep/qsiprep/sub-90077/ses-1/dwi/sub-90077_ses-1_acq-multiband_dir-AP_space-ACPC_desc-preproc_dwi.nii.gz	0.0106382978723404	0.8260932	0.15321632	0.8499048	0.83497596	0.8521793	0.12771375	0.79787695	0.8157228231430054	sub-90077	ses-1		dir-AP	acq-multiband	space-ACPC			DSIStudio	autotrackgqi
ProjectionBrainstem_NonDecussatingDentatorubrothalamicTractL	directions	NODDI	/scratch/grmpy/SLURM_11194840_134/job-11194840-134-sub-90077/ds/inputs/data/qsiprep/qsiprep/sub-90077/ses-1/dwi/sub-90077_ses-1_acq-multiband_dir-AP_space-ACPC_desc-preproc_dwi.nii.gz	0.0	0.03296035	0.5764087	-0.017486315	0.03296035	-0.017486315	0.5764087	0.2154544		sub-90077	ses-1		dir-AP	acq-multiband	space-ACPC			DSIStudio	autotrackgqi
ProjectionBrainstem_NonDecussatingDentatorubrothalamicTractL	icvf	NODDI	/scratch/grmpy/SLURM_11194840_134/job-11194840-134-sub-90077/ds/inputs/data/qsiprep/qsiprep/sub-90077/ses-1/dwi/sub-90077_ses-1_acq-multiband_dir-AP_space-ACPC_desc-preproc_dwi.nii.gz	0.0055406613047363	0.6354694	0.13946053	0.6244899	0.6390099	0.62542236	0.13151108	0.69837785	0.6989702582359314	sub-90077	ses-1		dir-AP	acq-multiband	space-ACPC			DSIStudio	autotrackgqi
ProjectionBrainstem_NonDecussatingDentatorubrothalamicTractL	isovf	NODDI	/scratch/grmpy/SLURM_11194840_134/job-11194840-134-sub-90077/ds/inputs/data/qsiprep/qsiprep/sub-90077/ses-1/dwi/sub-90077_ses-1_acq-multiband_dir-AP_space-ACPC_desc-preproc_dwi.nii.gz	0.1172475424486148	0.14374341	0.14764328	0.12455809	0.16283546	0.13496016	0.1469182	0.17235246	0.1891165077686309	sub-90077	ses-1		dir-AP	acq-multiband	space-ACPC			DSIStudio	autotrackgqi
ProjectionBrainstem_NonDecussatingDentatorubrothalamicTractL	modulated_icvf	NODDI	/scratch/grmpy/SLURM_11194840_134/job-11194840-134-sub-90077/ds/inputs/data/qsiprep/qsiprep/sub-90077/ses-1/dwi/sub-90077_ses-1_acq-multiband_dir-AP_space-ACPC_desc-preproc_dwi.nii.gz	0.0055406613047363	0.5375487	0.11366051	0.5411346	0.5405437	0.5417925	0.10663853	0.56084263	0.5613183379173279	sub-90077	ses-1		dir-AP	acq-multiband	space-ACPC			DSIStudio	autotrackgqi
ProjectionBrainstem_NonDecussatingDentatorubrothalamicTractL	modulated_od	NODDI	/scratch/grmpy/SLURM_11194840_134/job-11194840-134-sub-90077/ds/inputs/data/qsiprep/qsiprep/sub-90077/ses-1/dwi/sub-90077_ses-1_acq-multiband_dir-AP_space-ACPC_desc-preproc_dwi.nii.gz	0.0005361930294906	0.2211945	0.13684566	0.2096193	0.22131316	0.20967671	0.13678642	0.17267004	0.1726889312267303	sub-90077	ses-1		dir-AP	acq-multiband	space-ACPC			DSIStudio	autotrackgqi
ProjectionBrainstem_NonDecussatingDentatorubrothalamicTractL	nrmse	NODDI	/scratch/grmpy/SLURM_11194840_134/job-11194840-134-sub-90077/ds/inputs/data/qsiprep/qsiprep/sub-90077/ses-1/dwi/sub-90077_ses-1_acq-multiband_dir-AP_space-ACPC_desc-preproc_dwi.nii.gz	0.0	0.10394884	0.030775245	0.09913864	0.10394884	0.09913864	0.030775245	0.11403087	0.1140308678150177	sub-90077	ses-1		dir-AP	acq-multiband	space-ACPC			DSIStudio	autotrackgqi
ProjectionBrainstem_NonDecussatingDentatorubrothalamicTractL	od	NODDI	/scratch/grmpy/SLURM_11194840_134/job-11194840-134-sub-90077/ds/inputs/data/qsiprep/qsiprep/sub-90077/ses-1/dwi/sub-90077_ses-1_acq-multiband_dir-AP_space-ACPC_desc-preproc_dwi.nii.gz	0.0	0.26152223	0.15675403	0.24746342	0.26152223	0.24746342	0.15675403	0.21046165	0.2104616463184356	sub-90077	ses-1		dir-AP	acq-multiband	space-ACPC			DSIStudio	autotrackgqi
ProjectionBrainstem_NonDecussatingDentatorubrothalamicTractL	rmse	NODDI	/scratch/grmpy/SLURM_11194840_134/job-11194840-134-sub-90077/ds/inputs/data/qsiprep/qsiprep/sub-90077/ses-1/dwi/sub-90077_ses-1_acq-multiband_dir-AP_space-ACPC_desc-preproc_dwi.nii.gz	0.0	0.054061353	0.014121832	0.052060965	0.054061353	0.052060965	0.014121832	0.058836617	0.0588366165757179	sub-90077	ses-1		dir-AP	acq-multiband	space-ACPC			DSIStudio	autotrackgqi
ProjectionBrainstem_NonDecussatingDentatorubrothalamicTractL	tf	NODDI	/scratch/grmpy/SLURM_11194840_134/job-11194840-134-sub-90077/ds/inputs/data/qsiprep/qsiprep/sub-90077/ses-1/dwi/sub-90077_ses-1_acq-multiband_dir-AP_space-ACPC_desc-preproc_dwi.nii.gz	0.0055406613047363	0.8562566	0.14764328	0.8754419	0.8610273	0.8758366	0.1334628	0.82764757	0.8283495903015137	sub-90077	ses-1		dir-AP	acq-multiband	space-ACPC			DSIStudio	autotrackgqi
ProjectionBasalGanglia_ThalamicRadiationL	directions	NODDI	/scratch/grmpy/SLURM_11194840_134/job-11194840-134-sub-90077/ds/inputs/data/qsiprep/qsiprep/sub-90077/ses-1/dwi/sub-90077_ses-1_acq-multiband_dir-AP_space-ACPC_desc-preproc_dwi.nii.gz	4.0	0.011697162	0.577132	-0.023031909	0.011701207	-0.023381138	0.57723165	0.032142		sub-90077	ses-1		dir-AP	acq-multiband	space-ACPC			DSIStudio	autotrackgqi
ProjectionBasalGanglia_ThalamicRadiationL	icvf	NODDI	/scratch/grmpy/SLURM_11194840_134/job-11194840-134-sub-90077/ds/inputs/data/qsiprep/qsiprep/sub-90077/ses-1/dwi/sub-90077_ses-1_acq-multiband_dir-AP_space-ACPC_desc-preproc_dwi.nii.gz	0.0014691902169216	0.58143234	0.121781155	0.5798447	0.58228785	0.58011293	0.11980955	0.62013376	0.6202943325042725	sub-90077	ses-1		dir-AP	acq-multiband	space-ACPC			DSIStudio	autotrackgqi
ProjectionBasalGanglia_ThalamicRadiationL	isovf	NODDI	/scratch/grmpy/SLURM_11194840_134/job-11194840-134-sub-90077/ds/inputs/data/qsiprep/qsiprep/sub-90077/ses-1/dwi/sub-90077_ses-1_acq-multiband_dir-AP_space-ACPC_desc-preproc_dwi.nii.gz	0.1855500821018062	0.11027527	0.11124109	0.10222888	0.13539846	0.12120566	0.10859164	0.11260453	0.1267596036195755	sub-90077	ses-1		dir-AP	acq-multiband	space-ACPC			DSIStudio	autotrackgqi
ProjectionBasalGanglia_ThalamicRadiationL	modulated_icvf	NODDI	/scratch/grmpy/SLURM_11194840_134/job-11194840-134-sub-90077/ds/inputs/data/qsiprep/qsiprep/sub-90077/ses-1/dwi/sub-90077_ses-1_acq-multiband_dir-AP_space-ACPC_desc-preproc_dwi.nii.gz	0.0014691902169216	0.5118758	0.09664368	0.51777476	0.512629	0.5179856	0.094697714	0.5457216	0.5458629131317139	sub-90077	ses-1		dir-AP	acq-multiband	space-ACPC			DSIStudio	autotrackgqi
ProjectionBasalGanglia_ThalamicRadiationL	modulated_od	NODDI	/scratch/grmpy/SLURM_11194840_134/job-11194840-134-sub-90077/ds/inputs/data/qsiprep/qsiprep/sub-90077/ses-1/dwi/sub-90077_ses-1_acq-multiband_dir-AP_space-ACPC_desc-preproc_dwi.nii.gz	0.0003456918157462	0.25371936	0.15530662	0.22875787	0.2538071	0.22879364	0.15526177	0.21280268	0.2128050774335861	sub-90077	ses-1		dir-AP	acq-multiband	space-ACPC			DSIStudio	autotrackgqi
ProjectionBasalGanglia_ThalamicRadiationL	nrmse	NODDI	/scratch/grmpy/SLURM_11194840_134/job-11194840-134-sub-90077/ds/inputs/data/qsiprep/qsiprep/sub-90077/ses-1/dwi/sub-90077_ses-1_acq-multiband_dir-AP_space-ACPC_desc-preproc_dwi.nii.gz	0.0003456918157462	0.09701873	0.028984925	0.09314542	0.09705228	0.09315168	0.028933723	0.09808585	0.0980869531631469	sub-90077	ses-1		dir-AP	acq-multiband	space-ACPC			DSIStudio	autotrackgqi
ProjectionBasalGanglia_ThalamicRadiationL	od	NODDI	/scratch/grmpy/SLURM_11194840_134/job-11194840-134-sub-90077/ds/inputs/data/qsiprep/qsiprep/sub-90077/ses-1/dwi/sub-90077_ses-1_acq-multiband_dir-AP_space-ACPC_desc-preproc_dwi.nii.gz	0.0003456918157462	0.2838733	0.1637761	0.26403517	0.28397146	0.2640683	0.16371931	0.23807976	0.2380824238061905	sub-90077	ses-1		dir-AP	acq-multiband	space-ACPC			DSIStudio	autotrackgqi
ProjectionBasalGanglia_ThalamicRadiationL	rmse	NODDI	/scratch/grmpy/SLURM_11194840_134/job-11194840-134-sub-90077/ds/inputs/data/qsiprep/qsiprep/sub-90077/ses-1/dwi/sub-90077_ses-1_acq-multiband_dir-AP_space-ACPC_desc-preproc_dwi.nii.gz	0.0003456918157462	0.050291684	0.013731761	0.04847706	0.050309073	0.048481546	0.013702245	0.051934622	0.051935214549303	sub-90077	ses-1		dir-AP	acq-multiband	space-ACPC			DSIStudio	autotrackgqi
ProjectionBasalGanglia_ThalamicRadiationL	tf	NODDI	/scratch/grmpy/SLURM_11194840_134/job-11194840-134-sub-90077/ds/inputs/data/qsiprep/qsiprep/sub-90077/ses-1/dwi/sub-90077_ses-1_acq-multiband_dir-AP_space-ACPC_desc-preproc_dwi.nii.gz	0.0014691902169216	0.889379	0.11244513	0.897717	0.89068764	0.8978375	0.107223906	0.8873842	0.8876139521598816	sub-90077	ses-1		dir-AP	acq-multiband	space-ACPC			DSIStudio	autotrackgqi
ProjectionBasalGanglia_ThalamicRadiationR	directions	NODDI	/scratch/grmpy/SLURM_11194840_134/job-11194840-134-sub-90077/ds/inputs/data/qsiprep/qsiprep/sub-90077/ses-1/dwi/sub-90077_ses-1_acq-multiband_dir-AP_space-ACPC_desc-preproc_dwi.nii.gz	1.0	0.026147587	0.57673496	-0.008945936	0.026149658	-0.008977024	0.5767578	0.14172505		sub-90077	ses-1		dir-AP	acq-multiband	space-ACPC			DSIStudio	autotrackgqi
ProjectionBasalGanglia_ThalamicRadiationR	icvf	NODDI	/scratch/grmpy/SLURM_11194840_134/job-11194840-134-sub-90077/ds/inputs/data/qsiprep/qsiprep/sub-90077/ses-1/dwi/sub-90077_ses-1_acq-multiband_dir-AP_space-ACPC_desc-preproc_dwi.nii.gz	0.0005546751188589	0.5684343	0.11384811	0.5638128	0.5687497	0.56386995	0.11308918	0.6013818	0.6013976335525513	sub-90077	ses-1		dir-AP	acq-multiband	space-ACPC			DSIStudio	autotrackgqi
ProjectionBasalGanglia_ThalamicRadiationR	isovf	NODDI	/scratch/grmpy/SLURM_11194840_134/job-11194840-134-sub-90077/ds/inputs/data/qsiprep/qsiprep/sub-90077/ses-1/dwi/sub-90077_ses-1_acq-multiband_dir-AP_space-ACPC_desc-preproc_dwi.nii.gz	0.191283676703645	0.11360312	0.11661824	0.10260548	0.14047338	0.12352822	0.114201516	0.122500986	0.135951355099678	sub-90077	ses-1		dir-AP	acq-multiband	space-ACPC			DSIStudio	autotrackgqi
ProjectionBasalGanglia_ThalamicRadiationR	modulated_icvf	NODDI	/scratch/grmpy/SLURM_11194840_134/job-11194840-134-sub-90077/ds/inputs/data/qsiprep/qsiprep/sub-90077/ses-1/dwi/sub-90077_ses-1_acq-multiband_dir-AP_space-ACPC_desc-preproc_dwi.nii.gz	0.0005546751188589	0.49741396	0.089043275	0.5031032	0.49769002	0.5031561	0.088293344	0.523339	0.5233527421951294	sub-90077	ses-1		dir-AP	acq-multiband	space-ACPC			DSIStudio	autotrackgqi
ProjectionBasalGanglia_ThalamicRadiationR	modulated_od	NODDI	/scratch/grmpy/SLURM_11194840_134/job-11194840-134-sub-90077/ds/inputs/data/qsiprep/qsiprep/sub-90077/ses-1/dwi/sub-90077_ses-1_acq-multiband_dir-AP_space-ACPC_desc-preproc_dwi.nii.gz	0.0001584786053882	0.2518602	0.15315889	0.23141657	0.25190014	0.23143113	0.15313819	0.21030903	0.2103103995323181	sub-90077	ses-1		dir-AP	acq-multiband	space-ACPC			DSIStudio	autotrackgqi
ProjectionBasalGanglia_ThalamicRadiationR	nrmse	NODDI	/scratch/grmpy/SLURM_11194840_134/job-11194840-134-sub-90077/ds/inputs/data/qsiprep/qsiprep/sub-90077/ses-1/dwi/sub-90077_ses-1_acq-multiband_dir-AP_space-ACPC_desc-preproc_dwi.nii.gz	7.92393026941363e-05	0.094808355	0.024827767	0.09151389	0.094815865	0.0915155	0.0248144	0.096864365	0.096864566206932	sub-90077	ses-1		dir-AP	acq-multiband	space-ACPC			DSIStudio	autotrackgqi
ProjectionBasalGanglia_ThalamicRadiationR	od	NODDI	/scratch/grmpy/SLURM_11194840_134/job-11194840-134-sub-90077/ds/inputs/data/qsiprep/qsiprep/sub-90077/ses-1/dwi/sub-90077_ses-1_acq-multiband_dir-AP_space-ACPC_desc-preproc_dwi.nii.gz	7.92393026941363e-05	0.28274983	0.16229151	0.26612008	0.2827722	0.2661457	0.16227843	0.23718342	0.2371838986873626	sub-90077	ses-1		dir-AP	acq-multiband	space-ACPC			DSIStudio	autotrackgqi
ProjectionBasalGanglia_ThalamicRadiationR	rmse	NODDI	/scratch/grmpy/SLURM_11194840_134/job-11194840-134-sub-90077/ds/inputs/data/qsiprep/qsiprep/sub-90077/ses-1/dwi/sub-90077_ses-1_acq-multiband_dir-AP_space-ACPC_desc-preproc_dwi.nii.gz	7.92393026941363e-05	0.048761077	0.012398376	0.047180377	0.048764944	0.047181215	0.012391266	0.050591372	0.0505914762616157	sub-90077	ses-1		dir-AP	acq-multiband	space-ACPC			DSIStudio	autotrackgqi
ProjectionBasalGanglia_ThalamicRadiationR	tf	NODDI	/scratch/grmpy/SLURM_11194840_134/job-11194840-134-sub-90077/ds/inputs/data/qsiprep/qsiprep/sub-90077/ses-1/dwi/sub-90077_ses-1_acq-multiband_dir-AP_space-ACPC_desc-preproc_dwi.nii.gz	0.0005546751188589	0.8863176	0.11688046	0.8973845	0.88680947	0.8974117	0.11503221	0.877497	0.8775200843811035	sub-90077	ses-1		dir-AP	acq-multiband	space-ACPC			DSIStudio	autotrackgqi
ProjectionBrainstem_MedialForebrainBundleL	directions	NODDI	/scratch/grmpy/SLURM_11194840_134/job-11194840-134-sub-90077/ds/inputs/data/qsiprep/qsiprep/sub-90077/ses-1/dwi/sub-90077_ses-1_acq-multiband_dir-AP_space-ACPC_desc-preproc_dwi.nii.gz	0.0	0.013842289	0.5771843	-0.058793116	0.013842289	-0.058793116	0.5771843	0.105207264		sub-90077	ses-1		dir-AP	acq-multiband	space-ACPC			DSIStudio	autotrackgqi
ProjectionBrainstem_MedialForebrainBundleL	icvf	NODDI	/scratch/grmpy/SLURM_11194840_134/job-11194840-134-sub-90077/ds/inputs/data/qsiprep/qsiprep/sub-90077/ses-1/dwi/sub-90077_ses-1_acq-multiband_dir-AP_space-ACPC_desc-preproc_dwi.nii.gz	0.0372093023255813	0.70172894	0.21993183	0.69063675	0.7288489	0.69828916	0.17456527	0.6904738	0.6969512701034546	sub-90077	ses-1		dir-AP	acq-multiband	space-ACPC			DSIStudio	autotrackgqi
ProjectionBrainstem_MedialForebrainBundleL	isovf	NODDI	/scratch/grmpy/SLURM_11194840_134/job-11194840-134-sub-90077/ds/inputs/data/qsiprep/qsiprep/sub-90077/ses-1/dwi/sub-90077_ses-1_acq-multiband_dir-AP_space-ACPC_desc-preproc_dwi.nii.gz	0.1095607235142118	0.28243428	0.26739606	0.19560412	0.3171853	0.21612379	0.26320267	0.22336477	0.250671237707138	sub-90077	ses-1		dir-AP	acq-multiband	space-ACPC			DSIStudio	autotrackgqi
ProjectionBrainstem_MedialForebrainBundleL	modulated_icvf	NODDI	/scratch/grmpy/SLURM_11194840_134/job-11194840-134-sub-90077/ds/inputs/data/qsiprep/qsiprep/sub-90077/ses-1/dwi/sub-90077_ses-1_acq-multiband_dir-AP_space-ACPC_desc-preproc_dwi.nii.gz	0.0372093023255813	0.48082677	0.18195473	0.508203	0.49940944	0.5148707	0.15845086	0.51548326	0.5203191041946411	sub-90077	ses-1		dir-AP	acq-multiband	space-ACPC			DSIStudio	autotrackgqi
ProjectionBrainstem_MedialForebrainBundleL	modulated_od	NODDI	/scratch/grmpy/SLURM_11194840_134/job-11194840-134-sub-90077/ds/inputs/data/qsiprep/qsiprep/sub-90077/ses-1/dwi/sub-90077_ses-1_acq-multiband_dir-AP_space-ACPC_desc-preproc_dwi.nii.gz	0.0	0.18789688	0.16796221	0.15225592	0.18789688	0.15225592	0.16796221	0.15925711	0.1592571139335632	sub-90077	ses-1		dir-AP	acq-multiband	space-ACPC			DSIStudio	autotrackgqi
ProjectionBrainstem_MedialForebrainBundleL	nrmse	NODDI	/scratch/grmpy/SLURM_11194840_134/job-11194840-134-sub-90077/ds/inputs/data/qsiprep/qsiprep/sub-90077/ses-1/dwi/sub-90077_ses-1_acq-multiband_dir-AP_space-ACPC_desc-preproc_dwi.nii.gz	0.0160206718346253	0.14511107	0.06218577	0.13214922	0.1474737	0.13294058	0.059846528	0.13358101	0.1342878937721252	sub-90077	ses-1		dir-AP	acq-multiband	space-ACPC			DSIStudio	autotrackgqi
ProjectionBrainstem_MedialForebrainBundleL	od	NODDI	/scratch/grmpy/SLURM_11194840_134/job-11194840-134-sub-90077/ds/inputs/data/qsiprep/qsiprep/sub-90077/ses-1/dwi/sub-90077_ses-1_acq-multiband_dir-AP_space-ACPC_desc-preproc_dwi.nii.gz	0.0	0.28160658	0.20862778	0.2498589	0.28160658	0.2498589	0.20862778	0.21566384	0.2156638354063034	sub-90077	ses-1		dir-AP	acq-multiband	space-ACPC			DSIStudio	autotrackgqi
ProjectionBrainstem_MedialForebrainBundleL	rmse	NODDI	/scratch/grmpy/SLURM_11194840_134/job-11194840-134-sub-90077/ds/inputs/data/qsiprep/qsiprep/sub-90077/ses-1/dwi/sub-90077_ses-1_acq-multiband_dir-AP_space-ACPC_desc-preproc_dwi.nii.gz	0.0160206718346253	0.068465844	0.022024704	0.06539882	0.06958058	0.06574559	0.02038191	0.066686794	0.0670396834611892	sub-90077	ses-1		dir-AP	acq-multiband	space-ACPC			DSIStudio	autotrackgqi
ProjectionBrainstem_MedialForebrainBundleL	tf	NODDI	/scratch/grmpy/SLURM_11194840_134/job-11194840-134-sub-90077/ds/inputs/data/qsiprep/qsiprep/sub-90077/ses-1/dwi/sub-90077_ses-1_acq-multiband_dir-AP_space-ACPC_desc-preproc_dwi.nii.gz	0.021188630490956	0.7175658	0.26739606	0.8043959	0.7330991	0.8090489	0.24831623	0.7766352	0.7797777652740479	sub-90077	ses-1		dir-AP	acq-multiband	space-ACPC			DSIStudio	autotrackgqi
ProjectionBasalGanglia_FasciculusLenticularisL	directions	NODDI	/scratch/grmpy/SLURM_11194840_134/job-11194840-134-sub-90077/ds/inputs/data/qsiprep/qsiprep/sub-90077/ses-1/dwi/sub-90077_ses-1_acq-multiband_dir-AP_space-ACPC_desc-preproc_dwi.nii.gz	0.0	0.02263103	0.57690656	0.020215606	0.02263103	0.020215606	0.57690656	0.32573408		sub-90077	ses-1		dir-AP	acq-multiband	space-ACPC			DSIStudio	autotrackgqi
ProjectionBasalGanglia_FasciculusLenticularisL	icvf	NODDI	/scratch/grmpy/SLURM_11194840_134/job-11194840-134-sub-90077/ds/inputs/data/qsiprep/qsiprep/sub-90077/ses-1/dwi/sub-90077_ses-1_acq-multiband_dir-AP_space-ACPC_desc-preproc_dwi.nii.gz	0.0	0.6022282	0.14843921	0.5661536	0.6022282	0.5661536	0.14843921	0.5751672	0.575167179107666	sub-90077	ses-1		dir-AP	acq-multiband	space-ACPC			DSIStudio	autotrackgqi
ProjectionBasalGanglia_FasciculusLenticularisL	isovf	NODDI	/scratch/grmpy/SLURM_11194840_134/job-11194840-134-sub-90077/ds/inputs/data/qsiprep/qsiprep/sub-90077/ses-1/dwi/sub-90077_ses-1_acq-multiband_dir-AP_space-ACPC_desc-preproc_dwi.nii.gz	0.2131147540983606	0.1610628	0.18208528	0.1182808	0.20468397	0.16165565	0.1822251	0.15256095	0.1888849884271621	sub-90077	ses-1		dir-AP	acq-multiband	space-ACPC			DSIStudio	autotrackgqi
ProjectionBasalGanglia_FasciculusLenticularisL	modulated_icvf	NODDI	/scratch/grmpy/SLURM_11194840_134/job-11194840-134-sub-90077/ds/inputs/data/qsiprep/qsiprep/sub-90077/ses-1/dwi/sub-90077_ses-1_acq-multiband_dir-AP_space-ACPC_desc-preproc_dwi.nii.gz	0.0	0.4866784	0.10861703	0.5040104	0.4866784	0.5040104	0.10861703	0.47364435	0.473644345998764	sub-90077	ses-1		dir-AP	acq-multiband	space-ACPC			DSIStudio	autotrackgqi
ProjectionBasalGanglia_FasciculusLenticularisL	modulated_od	NODDI	/scratch/grmpy/SLURM_11194840_134/job-11194840-134-sub-90077/ds/inputs/data/qsiprep/qsiprep/sub-90077/ses-1/dwi/sub-90077_ses-1_acq-multiband_dir-AP_space-ACPC_desc-preproc_dwi.nii.gz	0.0	0.27265397	0.15243495	0.262411	0.27265397	0.262411	0.15243495	0.2173383	0.2173382937908172	sub-90077	ses-1		dir-AP	acq-multiband	space-ACPC			DSIStudio	autotrackgqi
ProjectionBasalGanglia_FasciculusLenticularisL	nrmse	NODDI	/scratch/grmpy/SLURM_11194840_134/job-11194840-134-sub-90077/ds/inputs/data/qsiprep/qsiprep/sub-90077/ses-1/dwi/sub-90077_ses-1_acq-multiband_dir-AP_space-ACPC_desc-preproc_dwi.nii.gz	0.0	0.11130402	0.022783276	0.10942352	0.11130402	0.10942352	0.022783276	0.11390145	0.1139014512300491	sub-90077	ses-1		dir-AP	acq-multiband	space-ACPC			DSIStudio	autotrackgqi
ProjectionBasalGanglia_FasciculusLenticularisL	od	NODDI	/scratch/grmpy/SLURM_11194840_134/job-11194840-134-sub-90077/ds/inputs/data/qsiprep/qsiprep/sub-90077/ses-1/dwi/sub-90077_ses-1_acq-multiband_dir-AP_space-ACPC_desc-preproc_dwi.nii.gz	0.0	0.3170908	0.15143456	0.30235285	0.3170908	0.30235285	0.15143456	0.25460413	0.2546041309833526	sub-90077	ses-1		dir-AP	acq-multiband	space-ACPC			DSIStudio	autotrackgqi
ProjectionBasalGanglia_FasciculusLenticularisL	rmse	NODDI	/scratch/grmpy/SLURM_11194840_134/job-11194840-134-sub-90077/ds/inputs/data/qsiprep/qsiprep/sub-90077/ses-1/dwi/sub-90077_ses-1_acq-multiband_dir-AP_space-ACPC_desc-preproc_dwi.nii.gz	0.0	0.055962145	0.0120154545	0.05474798	0.055962145	0.05474798	0.0120154545	0.057017695	0.05701769515872	sub-90077	ses-1		dir-AP	acq-multiband	space-ACPC			DSIStudio	autotrackgqi
ProjectionBasalGanglia_FasciculusLenticularisL	tf	NODDI	/scratch/grmpy/SLURM_11194840_134/job-11194840-134-sub-90077/ds/inputs/data/qsiprep/qsiprep/sub-90077/ses-1/dwi/sub-90077_ses-1_acq-multiband_dir-AP_space-ACPC_desc-preproc_dwi.nii.gz	0.0	0.8389372	0.18208528	0.88171923	0.8389372	0.88171923	0.18208528	0.84743905	0.8474390506744385	sub-90077	ses-1		dir-AP	acq-multiband	space-ACPC			DSIStudio	autotrackgqi
ProjectionBrainstem_CorticospinalTractR	directions	NODDI	/scratch/grmpy/SLURM_11194840_134/job-11194840-134-sub-90077/ds/inputs/data/qsiprep/qsiprep/sub-90077/ses-1/dwi/sub-90077_ses-1_acq-multiband_dir-AP_space-ACPC_desc-preproc_dwi.nii.gz	0.0	-0.025829505	0.5767722	-0.033678986	-0.025829505	-0.033678986	0.5767722	-0.05900766		sub-90077	ses-1		dir-AP	acq-multiband	space-ACPC			DSIStudio	autotrackgqi
ProjectionBrainstem_CorticospinalTractR	icvf	NODDI	/scratch/grmpy/SLURM_11194840_134/job-11194840-134-sub-90077/ds/inputs/data/qsiprep/qsiprep/sub-90077/ses-1/dwi/sub-90077_ses-1_acq-multiband_dir-AP_space-ACPC_desc-preproc_dwi.nii.gz	0.0022429906542056	0.6720568	0.13289182	0.6731352	0.6735676	0.673681	0.12916	0.71591055	0.7162742018699646	sub-90077	ses-1		dir-AP	acq-multiband	space-ACPC			DSIStudio	autotrackgqi
ProjectionBrainstem_CorticospinalTractR	isovf	NODDI	/scratch/grmpy/SLURM_11194840_134/job-11194840-134-sub-90077/ds/inputs/data/qsiprep/qsiprep/sub-90077/ses-1/dwi/sub-90077_ses-1_acq-multiband_dir-AP_space-ACPC_desc-preproc_dwi.nii.gz	0.0960747663551401	0.13453178	0.11011454	0.12312001	0.14883064	0.13313931	0.106234856	0.13854203	0.1444193869829177	sub-90077	ses-1		dir-AP	acq-multiband	space-ACPC			DSIStudio	autotrackgqi
ProjectionBrainstem_CorticospinalTractR	modulated_icvf	NODDI	/scratch/grmpy/SLURM_11194840_134/job-11194840-134-sub-90077/ds/inputs/data/qsiprep/qsiprep/sub-90077/ses-1/dwi/sub-90077_ses-1_acq-multiband_dir-AP_space-ACPC_desc-preproc_dwi.nii.gz	0.0022429906542056	0.57407606	0.10064853	0.5779671	0.5753666	0.5782446	0.097007036	0.6117313	0.6120418906211853	sub-90077	ses-1		dir-AP	acq-multiband	space-ACPC			DSIStudio	autotrackgqi
ProjectionBrainstem_CorticospinalTractR	modulated_od	NODDI	/scratch/grmpy/SLURM_11194840_134/job-11194840-134-sub-90077/ds/inputs/data/qsiprep/qsiprep/sub-90077/ses-1/dwi/sub-90077_ses-1_acq-multiband_dir-AP_space-ACPC_desc-preproc_dwi.nii.gz	0.0	0.21168388	0.14001852	0.1945243	0.21168388	0.1945243	0.14001852	0.17139539	0.1713953912258148	sub-90077	ses-1		dir-AP	acq-multiband	space-ACPC			DSIStudio	autotrackgqi
ProjectionBrainstem_CorticospinalTractR	nrmse	NODDI	/scratch/grmpy/SLURM_11194840_134/job-11194840-134-sub-90077/ds/inputs/data/qsiprep/qsiprep/sub-90077/ses-1/dwi/sub-90077_ses-1_acq-multiband_dir-AP_space-ACPC_desc-preproc_dwi.nii.gz	0.0018691588785046	0.102259055	0.02710663	0.098454416	0.10245055	0.09861444	0.026768008	0.10806465	0.1081176400184631	sub-90077	ses-1		dir-AP	acq-multiband	space-ACPC			DSIStudio	autotrackgqi
ProjectionBrainstem_CorticospinalTractR	od	NODDI	/scratch/grmpy/SLURM_11194840_134/job-11194840-134-sub-90077/ds/inputs/data/qsiprep/qsiprep/sub-90077/ses-1/dwi/sub-90077_ses-1_acq-multiband_dir-AP_space-ACPC_desc-preproc_dwi.nii.gz	0.0	0.24590941	0.15821338	0.22942907	0.24590941	0.22942907	0.15821338	0.1998235	0.1998234987258911	sub-90077	ses-1		dir-AP	acq-multiband	space-ACPC			DSIStudio	autotrackgqi
ProjectionBrainstem_CorticospinalTractR	rmse	NODDI	/scratch/grmpy/SLURM_11194840_134/job-11194840-134-sub-90077/ds/inputs/data/qsiprep/qsiprep/sub-90077/ses-1/dwi/sub-90077_ses-1_acq-multiband_dir-AP_space-ACPC_desc-preproc_dwi.nii.gz	0.0018691588785046	0.05451452	0.01420788	0.05266825	0.054616608	0.05268473	0.014023772	0.05890008	0.0589289590716362	sub-90077	ses-1		dir-AP	acq-multiband	space-ACPC			DSIStudio	autotrackgqi
ProjectionBrainstem_CorticospinalTractR	tf	NODDI	/scratch/grmpy/SLURM_11194840_134/job-11194840-134-sub-90077/ds/inputs/data/qsiprep/qsiprep/sub-90077/ses-1/dwi/sub-90077_ses-1_acq-multiband_dir-AP_space-ACPC_desc-preproc_dwi.nii.gz	0.0003738317757009	0.8654682	0.110114545	0.87688	0.86579186	0.8769332	0.108855516	0.86145794	0.861473023891449	sub-90077	ses-1		dir-AP	acq-multiband	space-ACPC			DSIStudio	autotrackgqi
ProjectionBrainstem_CorticobulbarTractL	directions	NODDI	/scratch/grmpy/SLURM_11194840_134/job-11194840-134-sub-90077/ds/inputs/data/qsiprep/qsiprep/sub-90077/ses-1/dwi/sub-90077_ses-1_acq-multiband_dir-AP_space-ACPC_desc-preproc_dwi.nii.gz	0.0	0.02871042	0.576636	-0.123272106	0.02871042	-0.123272106	0.576636	0.0676049		sub-90077	ses-1		dir-AP	acq-multiband	space-ACPC			DSIStudio	autotrackgqi
ProjectionBrainstem_CorticobulbarTractL	icvf	NODDI	/scratch/grmpy/SLURM_11194840_134/job-11194840-134-sub-90077/ds/inputs/data/qsiprep/qsiprep/sub-90077/ses-1/dwi/sub-90077_ses-1_acq-multiband_dir-AP_space-ACPC_desc-preproc_dwi.nii.gz	0.0	0.6874812	0.12908794	0.66636366	0.6874812	0.66636366	0.12908794	0.68803036	0.6880305409431458	sub-90077	ses-1		dir-AP	acq-multiband	space-ACPC			DSIStudio	autotrackgqi
ProjectionBrainstem_CorticobulbarTractL	isovf	NODDI	/scratch/grmpy/SLURM_11194840_134/job-11194840-134-sub-90077/ds/inputs/data/qsiprep/qsiprep/sub-90077/ses-1/dwi/sub-90077_ses-1_acq-multiband_dir-AP_space-ACPC_desc-preproc_dwi.nii.gz	0.0285714285714285	0.15293734	0.08185653	0.14590742	0.1574355	0.14775574	0.07867271	0.15443306	0.1594552993774414	sub-90077	ses-1		dir-AP	acq-multiband	space-ACPC			DSIStudio	autotrackgqi
ProjectionBrainstem_CorticobulbarTractL	modulated_icvf	NODDI	/scratch/grmpy/SLURM_11194840_134/job-11194840-134-sub-90077/ds/inputs/data/qsiprep/qsiprep/sub-90077/ses-1/dwi/sub-90077_ses-1_acq-multiband_dir-AP_space-ACPC_desc-preproc_dwi.nii.gz	0.0	0.57742023	0.09472923	0.5746076	0.57742023	0.5746076	0.09472923	0.5764706	0.5764707326889038	sub-90077	ses-1		dir-AP	acq-multiband	space-ACPC			DSIStudio	autotrackgqi
ProjectionBrainstem_CorticobulbarTractL	modulated_od	NODDI	/scratch/grmpy/SLURM_11194840_134/job-11194840-134-sub-90077/ds/inputs/data/qsiprep/qsiprep/sub-90077/ses-1/dwi/sub-90077_ses-1_acq-multiband_dir-AP_space-ACPC_desc-preproc_dwi.nii.gz	0.0	0.1775945	0.16337496	0.10653826	0.1775945	0.10653826	0.16337496	0.17088448	0.1708844751119613	sub-90077	ses-1		dir-AP	acq-multiband	space-ACPC			DSIStudio	autotrackgqi
ProjectionBrainstem_CorticobulbarTractL	nrmse	NODDI	/scratch/grmpy/SLURM_11194840_134/job-11194840-134-sub-90077/ds/inputs/data/qsiprep/qsiprep/sub-90077/ses-1/dwi/sub-90077_ses-1_acq-multiband_dir-AP_space-ACPC_desc-preproc_dwi.nii.gz	0.0	0.11803266	0.029777508	0.11164819	0.11803266	0.11164819	0.029777508	0.11844911	0.1184491217136383	sub-90077	ses-1		dir-AP	acq-multiband	space-ACPC			DSIStudio	autotrackgqi
ProjectionBrainstem_CorticobulbarTractL	od	NODDI	/scratch/grmpy/SLURM_11194840_134/job-11194840-134-sub-90077/ds/inputs/data/qsiprep/qsiprep/sub-90077/ses-1/dwi/sub-90077_ses-1_acq-multiband_dir-AP_space-ACPC_desc-preproc_dwi.nii.gz	0.0	0.2090244	0.18523036	0.1537574	0.2090244	0.1537574	0.18523036	0.20132434	0.2013243585824966	sub-90077	ses-1		dir-AP	acq-multiband	space-ACPC			DSIStudio	autotrackgqi
ProjectionBrainstem_CorticobulbarTractL	rmse	NODDI	/scratch/grmpy/SLURM_11194840_134/job-11194840-134-sub-90077/ds/inputs/data/qsiprep/qsiprep/sub-90077/ses-1/dwi/sub-90077_ses-1_acq-multiband_dir-AP_space-ACPC_desc-preproc_dwi.nii.gz	0.0	0.06278658	0.016127583	0.05778125	0.06278658	0.05778125	0.016127583	0.062932454	0.0629324615001678	sub-90077	ses-1		dir-AP	acq-multiband	space-ACPC			DSIStudio	autotrackgqi
ProjectionBrainstem_CorticobulbarTractL	tf	NODDI	/scratch/grmpy/SLURM_11194840_134/job-11194840-134-sub-90077/ds/inputs/data/qsiprep/qsiprep/sub-90077/ses-1/dwi/sub-90077_ses-1_acq-multiband_dir-AP_space-ACPC_desc-preproc_dwi.nii.gz	0.0	0.8470627	0.08185653	0.8540926	0.8470627	0.8540926	0.08185653	0.8455669	0.845566987991333	sub-90077	ses-1		dir-AP	acq-multiband	space-ACPC			DSIStudio	autotrackgqi
ProjectionBrainstem_ReticularTractL	directions	NODDI	/scratch/grmpy/SLURM_11194840_134/job-11194840-134-sub-90077/ds/inputs/data/qsiprep/qsiprep/sub-90077/ses-1/dwi/sub-90077_ses-1_acq-multiband_dir-AP_space-ACPC_desc-preproc_dwi.nii.gz	0.0	-0.053313848	0.5748834	-0.11331287	-0.053313848	-0.11331287	0.5748834	-0.20108576		sub-90077	ses-1		dir-AP	acq-multiband	space-ACPC			DSIStudio	autotrackgqi
ProjectionBrainstem_ReticularTractL	icvf	NODDI	/scratch/grmpy/SLURM_11194840_134/job-11194840-134-sub-90077/ds/inputs/data/qsiprep/qsiprep/sub-90077/ses-1/dwi/sub-90077_ses-1_acq-multiband_dir-AP_space-ACPC_desc-preproc_dwi.nii.gz	0.0146376294180649	0.6452279	0.16173263	0.62305444	0.6548129	0.6255516	0.14237168	0.68753326	0.6904169321060181	sub-90077	ses-1		dir-AP	acq-multiband	space-ACPC			DSIStudio	autotrackgqi
ProjectionBrainstem_ReticularTractL	isovf	NODDI	/scratch/grmpy/SLURM_11194840_134/job-11194840-134-sub-90077/ds/inputs/data/qsiprep/qsiprep/sub-90077/ses-1/dwi/sub-90077_ses-1_acq-multiband_dir-AP_space-ACPC_desc-preproc_dwi.nii.gz	0.0838986076401285	0.1842306	0.18031147	0.1491302	0.20110285	0.15949436	0.17915556	0.17080393	0.1844172775745391	sub-90077	ses-1		dir-AP	acq-multiband	space-ACPC			DSIStudio	autotrackgqi
ProjectionBrainstem_ReticularTractL	modulated_icvf	NODDI	/scratch/grmpy/SLURM_11194840_134/job-11194840-134-sub-90077/ds/inputs/data/qsiprep/qsiprep/sub-90077/ses-1/dwi/sub-90077_ses-1_acq-multiband_dir-AP_space-ACPC_desc-preproc_dwi.nii.gz	0.0146376294180649	0.5166828	0.12669085	0.51694095	0.52435815	0.5185613	0.110744596	0.5597401	0.5620877742767334	sub-90077	ses-1		dir-AP	acq-multiband	space-ACPC			DSIStudio	autotrackgqi
ProjectionBrainstem_ReticularTractL	modulated_od	NODDI	/scratch/grmpy/SLURM_11194840_134/job-11194840-134-sub-90077/ds/inputs/data/qsiprep/qsiprep/sub-90077/ses-1/dwi/sub-90077_ses-1_acq-multiband_dir-AP_space-ACPC_desc-preproc_dwi.nii.gz	0.0007140307033202	0.19954239	0.13876475	0.19187145	0.19968496	0.19190013	0.13871172	0.16014373	0.1601579487323761	sub-90077	ses-1		dir-AP	acq-multiband	space-ACPC			DSIStudio	autotrackgqi
ProjectionBrainstem_ReticularTractL	nrmse	NODDI	/scratch/grmpy/SLURM_11194840_134/job-11194840-134-sub-90077/ds/inputs/data/qsiprep/qsiprep/sub-90077/ses-1/dwi/sub-90077_ses-1_acq-multiband_dir-AP_space-ACPC_desc-preproc_dwi.nii.gz	0.0039271688682613	0.114021644	0.035109892	0.107281335	0.1144712	0.1073674	0.034439865	0.11850138	0.1186819970607757	sub-90077	ses-1		dir-AP	acq-multiband	space-ACPC			DSIStudio	autotrackgqi
ProjectionBrainstem_ReticularTractL	od	NODDI	/scratch/grmpy/SLURM_11194840_134/job-11194840-134-sub-90077/ds/inputs/data/qsiprep/qsiprep/sub-90077/ses-1/dwi/sub-90077_ses-1_acq-multiband_dir-AP_space-ACPC_desc-preproc_dwi.nii.gz	0.0	0.25246638	0.16950466	0.2402048	0.25246638	0.2402048	0.16950466	0.19392338	0.1939234137535095	sub-90077	ses-1		dir-AP	acq-multiband	space-ACPC			DSIStudio	autotrackgqi
ProjectionBrainstem_ReticularTractL	rmse	NODDI	/scratch/grmpy/SLURM_11194840_134/job-11194840-134-sub-90077/ds/inputs/data/qsiprep/qsiprep/sub-90077/ses-1/dwi/sub-90077_ses-1_acq-multiband_dir-AP_space-ACPC_desc-preproc_dwi.nii.gz	0.0039271688682613	0.057976186	0.017251283	0.054557677	0.058204766	0.05465301	0.016896024	0.062367484	0.0624625459313392	sub-90077	ses-1		dir-AP	acq-multiband	space-ACPC			DSIStudio	autotrackgqi
ProjectionBrainstem_ReticularTractL	tf	NODDI	/scratch/grmpy/SLURM_11194840_134/job-11194840-134-sub-90077/ds/inputs/data/qsiprep/qsiprep/sub-90077/ses-1/dwi/sub-90077_ses-1_acq-multiband_dir-AP_space-ACPC_desc-preproc_dwi.nii.gz	0.0107104605498036	0.81576943	0.18031147	0.8508698	0.8246013	0.85247195	0.15994205	0.82919604	0.8314032554626465	sub-90077	ses-1		dir-AP	acq-multiband	space-ACPC			DSIStudio	autotrackgqi
ProjectionBasalGanglia_AnsaSubthalamicaR	directions	NODDI	/scratch/grmpy/SLURM_11194840_134/job-11194840-134-sub-90077/ds/inputs/data/qsiprep/qsiprep/sub-90077/ses-1/dwi/sub-90077_ses-1_acq-multiband_dir-AP_space-ACPC_desc-preproc_dwi.nii.gz	0.0	-0.08117737	0.57161486	-0.13169006	-0.08117737	-0.13169006	0.57161486	-0.47569096		sub-90077	ses-1		dir-AP	acq-multiband	space-ACPC			DSIStudio	autotrackgqi
ProjectionBasalGanglia_AnsaSubthalamicaR	icvf	NODDI	/scratch/grmpy/SLURM_11194840_134/job-11194840-134-sub-90077/ds/inputs/data/qsiprep/qsiprep/sub-90077/ses-1/dwi/sub-90077_ses-1_acq-multiband_dir-AP_space-ACPC_desc-preproc_dwi.nii.gz	0.0	0.66316295	0.1851567	0.6396037	0.66316295	0.6396037	0.1851567	0.61174333	0.6117433309555054	sub-90077	ses-1		dir-AP	acq-multiband	space-ACPC			DSIStudio	autotrackgqi
ProjectionBasalGanglia_AnsaSubthalamicaR	isovf	NODDI	/scratch/grmpy/SLURM_11194840_134/job-11194840-134-sub-90077/ds/inputs/data/qsiprep/qsiprep/sub-90077/ses-1/dwi/sub-90077_ses-1_acq-multiband_dir-AP_space-ACPC_desc-preproc_dwi.nii.gz	0.1857142857142857	0.2142705	0.19429971	0.19453162	0.26313922	0.23050338	0.18303907	0.1998099	0.2268403172492981	sub-90077	ses-1		dir-AP	acq-multiband	space-ACPC			DSIStudio	autotrackgqi
ProjectionBasalGanglia_AnsaSubthalamicaR	modulated_icvf	NODDI	/scratch/grmpy/SLURM_11194840_134/job-11194840-134-sub-90077/ds/inputs/data/qsiprep/qsiprep/sub-90077/ses-1/dwi/sub-90077_ses-1_acq-multiband_dir-AP_space-ACPC_desc-preproc_dwi.nii.gz	0.0	0.49565113	0.12313881	0.4906535	0.49565113	0.4906535	0.12313881	0.47201532	0.4720153212547302	sub-90077	ses-1		dir-AP	acq-multiband	space-ACPC			DSIStudio	autotrackgqi
ProjectionBasalGanglia_AnsaSubthalamicaR	modulated_od	NODDI	/scratch/grmpy/SLURM_11194840_134/job-11194840-134-sub-90077/ds/inputs/data/qsiprep/qsiprep/sub-90077/ses-1/dwi/sub-90077_ses-1_acq-multiband_dir-AP_space-ACPC_desc-preproc_dwi.nii.gz	0.0	0.21698625	0.11773561	0.20810331	0.21698625	0.20810331	0.11773561	0.19634065	0.1963406503200531	sub-90077	ses-1		dir-AP	acq-multiband	space-ACPC			DSIStudio	autotrackgqi
ProjectionBasalGanglia_AnsaSubthalamicaR	nrmse	NODDI	/scratch/grmpy/SLURM_11194840_134/job-11194840-134-sub-90077/ds/inputs/data/qsiprep/qsiprep/sub-90077/ses-1/dwi/sub-90077_ses-1_acq-multiband_dir-AP_space-ACPC_desc-preproc_dwi.nii.gz	0.0	0.13009325	0.052569713	0.12069704	0.13009325	0.12069704	0.052569713	0.11739866	0.1173986569046974	sub-90077	ses-1		dir-AP	acq-multiband	space-ACPC			DSIStudio	autotrackgqi
ProjectionBasalGanglia_AnsaSubthalamicaR	od	NODDI	/scratch/grmpy/SLURM_11194840_134/job-11194840-134-sub-90077/ds/inputs/data/qsiprep/qsiprep/sub-90077/ses-1/dwi/sub-90077_ses-1_acq-multiband_dir-AP_space-ACPC_desc-preproc_dwi.nii.gz	0.0	0.28148833	0.14183125	0.27266482	0.28148833	0.27266482	0.14183125	0.25445694	0.2544569373130798	sub-90077	ses-1		dir-AP	acq-multiband	space-ACPC			DSIStudio	autotrackgqi
ProjectionBasalGanglia_AnsaSubthalamicaR	rmse	NODDI	/scratch/grmpy/SLURM_11194840_134/job-11194840-134-sub-90077/ds/inputs/data/qsiprep/qsiprep/sub-90077/ses-1/dwi/sub-90077_ses-1_acq-multiband_dir-AP_space-ACPC_desc-preproc_dwi.nii.gz	0.0	0.06388792	0.02119965	0.060504638	0.06388792	0.060504638	0.02119965	0.057930883	0.0579308830201625	sub-90077	ses-1		dir-AP	acq-multiband	space-ACPC			DSIStudio	autotrackgqi
ProjectionBasalGanglia_AnsaSubthalamicaR	tf	NODDI	/scratch/grmpy/SLURM_11194840_134/job-11194840-134-sub-90077/ds/inputs/data/qsiprep/qsiprep/sub-90077/ses-1/dwi/sub-90077_ses-1_acq-multiband_dir-AP_space-ACPC_desc-preproc_dwi.nii.gz	0.0	0.7857295	0.19429973	0.8054684	0.7857295	0.8054684	0.19429973	0.8001901	0.8001900911331177	sub-90077	ses-1		dir-AP	acq-multiband	space-ACPC			DSIStudio	autotrackgqi
ProjectionBasalGanglia_FasciculusLenticularisR	directions	NODDI	/scratch/grmpy/SLURM_11194840_134/job-11194840-134-sub-90077/ds/inputs/data/qsiprep/qsiprep/sub-90077/ses-1/dwi/sub-90077_ses-1_acq-multiband_dir-AP_space-ACPC_desc-preproc_dwi.nii.gz	0.0	0.0473831	0.5754026	0.012233998	0.0473831	0.012233998	0.5754026	0.28804436		sub-90077	ses-1		dir-AP	acq-multiband	space-ACPC			DSIStudio	autotrackgqi
ProjectionBasalGanglia_FasciculusLenticularisR	icvf	NODDI	/scratch/grmpy/SLURM_11194840_134/job-11194840-134-sub-90077/ds/inputs/data/qsiprep/qsiprep/sub-90077/ses-1/dwi/sub-90077_ses-1_acq-multiband_dir-AP_space-ACPC_desc-preproc_dwi.nii.gz	0.0	0.5869989	0.13193552	0.5505247	0.5869989	0.5505247	0.13193552	0.58687615	0.5868761539459229	sub-90077	ses-1		dir-AP	acq-multiband	space-ACPC			DSIStudio	autotrackgqi
ProjectionBasalGanglia_FasciculusLenticularisR	isovf	NODDI	/scratch/grmpy/SLURM_11194840_134/job-11194840-134-sub-90077/ds/inputs/data/qsiprep/qsiprep/sub-90077/ses-1/dwi/sub-90077_ses-1_acq-multiband_dir-AP_space-ACPC_desc-preproc_dwi.nii.gz	0.2725631768953068	0.14856051	0.16774213	0.103983864	0.20422462	0.16554171	0.16526417	0.15199053	0.1916539222002029	sub-90077	ses-1		dir-AP	acq-multiband	space-ACPC			DSIStudio	autotrackgqi
ProjectionBasalGanglia_FasciculusLenticularisR	modulated_icvf	NODDI	/scratch/grmpy/SLURM_11194840_134/job-11194840-134-sub-90077/ds/inputs/data/qsiprep/qsiprep/sub-90077/ses-1/dwi/sub-90077_ses-1_acq-multiband_dir-AP_space-ACPC_desc-preproc_dwi.nii.gz	0.0	0.48391548	0.08530459	0.50020856	0.48391548	0.50020856	0.08530459	0.48530903	0.4853090345859527	sub-90077	ses-1		dir-AP	acq-multiband	space-ACPC			DSIStudio	autotrackgqi
ProjectionBasalGanglia_FasciculusLenticularisR	modulated_od	NODDI	/scratch/grmpy/SLURM_11194840_134/job-11194840-134-sub-90077/ds/inputs/data/qsiprep/qsiprep/sub-90077/ses-1/dwi/sub-90077_ses-1_acq-multiband_dir-AP_space-ACPC_desc-preproc_dwi.nii.gz	0.0	0.27939308	0.1332791	0.29121643	0.27939308	0.29121643	0.1332791	0.26372033	0.2637203335762024	sub-90077	ses-1		dir-AP	acq-multiband	space-ACPC			DSIStudio	autotrackgqi
ProjectionBasalGanglia_FasciculusLenticularisR	nrmse	NODDI	/scratch/grmpy/SLURM_11194840_134/job-11194840-134-sub-90077/ds/inputs/data/qsiprep/qsiprep/sub-90077/ses-1/dwi/sub-90077_ses-1_acq-multiband_dir-AP_space-ACPC_desc-preproc_dwi.nii.gz	0.0	0.10701277	0.025607675	0.10544803	0.10701277	0.10544803	0.025607675	0.106039345	0.1060393452644348	sub-90077	ses-1		dir-AP	acq-multiband	space-ACPC			DSIStudio	autotrackgqi
ProjectionBasalGanglia_FasciculusLenticularisR	od	NODDI	/scratch/grmpy/SLURM_11194840_134/job-11194840-134-sub-90077/ds/inputs/data/qsiprep/qsiprep/sub-90077/ses-1/dwi/sub-90077_ses-1_acq-multiband_dir-AP_space-ACPC_desc-preproc_dwi.nii.gz	0.0	0.3214163	0.13219339	0.3328719	0.3214163	0.3328719	0.13219339	0.30461445	0.3046144545078277	sub-90077	ses-1		dir-AP	acq-multiband	space-ACPC			DSIStudio	autotrackgqi
ProjectionBasalGanglia_FasciculusLenticularisR	rmse	NODDI	/scratch/grmpy/SLURM_11194840_134/job-11194840-134-sub-90077/ds/inputs/data/qsiprep/qsiprep/sub-90077/ses-1/dwi/sub-90077_ses-1_acq-multiband_dir-AP_space-ACPC_desc-preproc_dwi.nii.gz	0.0	0.053803675	0.012014353	0.052395247	0.053803675	0.052395247	0.012014353	0.0532545	0.0532545000314712	sub-90077	ses-1		dir-AP	acq-multiband	space-ACPC			DSIStudio	autotrackgqi
ProjectionBasalGanglia_FasciculusLenticularisR	tf	NODDI	/scratch/grmpy/SLURM_11194840_134/job-11194840-134-sub-90077/ds/inputs/data/qsiprep/qsiprep/sub-90077/ses-1/dwi/sub-90077_ses-1_acq-multiband_dir-AP_space-ACPC_desc-preproc_dwi.nii.gz	0.0	0.8514394	0.16774213	0.8960161	0.8514394	0.8960161	0.16774213	0.84800947	0.848009467124939	sub-90077	ses-1		dir-AP	acq-multiband	space-ACPC			DSIStudio	autotrackgqi
ProjectionBrainstem_CorticopontineTractL	directions	NODDI	/scratch/grmpy/SLURM_11194840_134/job-11194840-134-sub-90077/ds/inputs/data/qsiprep/qsiprep/sub-90077/ses-1/dwi/sub-90077_ses-1_acq-multiband_dir-AP_space-ACPC_desc-preproc_dwi.nii.gz	2.0	0.07676403	0.5721637	0.025120378	0.07678001	0.025423972	0.5722221	0.37636456		sub-90077	ses-1		dir-AP	acq-multiband	space-ACPC			DSIStudio	autotrackgqi
ProjectionBrainstem_CorticopontineTractL	icvf	NODDI	/scratch/grmpy/SLURM_11194840_134/job-11194840-134-sub-90077/ds/inputs/data/qsiprep/qsiprep/sub-90077/ses-1/dwi/sub-90077_ses-1_acq-multiband_dir-AP_space-ACPC_desc-preproc_dwi.nii.gz	0.0018720748829953	0.6226912	0.14228858	0.619446	0.6238591	0.61963695	0.13984065	0.69690174	0.6991680860519409	sub-90077	ses-1		dir-AP	acq-multiband	space-ACPC			DSIStudio	autotrackgqi
ProjectionBrainstem_CorticopontineTractL	isovf	NODDI	/scratch/grmpy/SLURM_11194840_134/job-11194840-134-sub-90077/ds/inputs/data/qsiprep/qsiprep/sub-90077/ses-1/dwi/sub-90077_ses-1_acq-multiband_dir-AP_space-ACPC_desc-preproc_dwi.nii.gz	0.1519500780031201	0.12432705	0.12729974	0.11042328	0.14660345	0.124789946	0.12586902	0.15940568	0.1693211942911148	sub-90077	ses-1		dir-AP	acq-multiband	space-ACPC			DSIStudio	autotrackgqi
ProjectionBrainstem_CorticopontineTractL	modulated_icvf	NODDI	/scratch/grmpy/SLURM_11194840_134/job-11194840-134-sub-90077/ds/inputs/data/qsiprep/qsiprep/sub-90077/ses-1/dwi/sub-90077_ses-1_acq-multiband_dir-AP_space-ACPC_desc-preproc_dwi.nii.gz	0.0018720748829953	0.5366672	0.1091721	0.54025686	0.5376738	0.54043025	0.10676937	0.574942	0.576811671257019	sub-90077	ses-1		dir-AP	acq-multiband	space-ACPC			DSIStudio	autotrackgqi
ProjectionBrainstem_CorticopontineTractL	modulated_od	NODDI	/scratch/grmpy/SLURM_11194840_134/job-11194840-134-sub-90077/ds/inputs/data/qsiprep/qsiprep/sub-90077/ses-1/dwi/sub-90077_ses-1_acq-multiband_dir-AP_space-ACPC_desc-preproc_dwi.nii.gz	0.0004160166406656	0.23396792	0.15656276	0.20938231	0.2340653	0.2094239	0.15652254	0.16269784	0.1627023518085479	sub-90077	ses-1		dir-AP	acq-multiband	space-ACPC			DSIStudio	autotrackgqi
ProjectionBrainstem_CorticopontineTractL	nrmse	NODDI	/scratch/grmpy/SLURM_11194840_134/job-11194840-134-sub-90077/ds/inputs/data/qsiprep/qsiprep/sub-90077/ses-1/dwi/sub-90077_ses-1_acq-multiband_dir-AP_space-ACPC_desc-preproc_dwi.nii.gz	0.0002080083203328	0.101174586	0.03606777	0.095020674	0.10119563	0.09502422	0.03604198	0.11334756	0.1133492067456245	sub-90077	ses-1		dir-AP	acq-multiband	space-ACPC			DSIStudio	autotrackgqi
ProjectionBrainstem_CorticopontineTractL	od	NODDI	/scratch/grmpy/SLURM_11194840_134/job-11194840-134-sub-90077/ds/inputs/data/qsiprep/qsiprep/sub-90077/ses-1/dwi/sub-90077_ses-1_acq-multiband_dir-AP_space-ACPC_desc-preproc_dwi.nii.gz	0.0002080083203328	0.2678182	0.16970581	0.24591699	0.2678739	0.24600787	0.1696795	0.20131004	0.2013129740953445	sub-90077	ses-1		dir-AP	acq-multiband	space-ACPC			DSIStudio	autotrackgqi
ProjectionBrainstem_CorticopontineTractL	rmse	NODDI	/scratch/grmpy/SLURM_11194840_134/job-11194840-134-sub-90077/ds/inputs/data/qsiprep/qsiprep/sub-90077/ses-1/dwi/sub-90077_ses-1_acq-multiband_dir-AP_space-ACPC_desc-preproc_dwi.nii.gz	0.0002080083203328	0.052734293	0.016018927	0.050168112	0.052745264	0.050171874	0.01600252	0.058778066	0.0587789192795753	sub-90077	ses-1		dir-AP	acq-multiband	space-ACPC			DSIStudio	autotrackgqi
ProjectionBrainstem_CorticopontineTractL	tf	NODDI	/scratch/grmpy/SLURM_11194840_134/job-11194840-134-sub-90077/ds/inputs/data/qsiprep/qsiprep/sub-90077/ses-1/dwi/sub-90077_ses-1_acq-multiband_dir-AP_space-ACPC_desc-preproc_dwi.nii.gz	0.0018720748829953	0.875465	0.12791196	0.8895411	0.87710696	0.8896925	0.12227811	0.8405798	0.8433132767677307	sub-90077	ses-1		dir-AP	acq-multiband	space-ACPC			DSIStudio	autotrackgqi
ProjectionBasalGanglia_AcousticRadiationL	directions	NODDI	/scratch/grmpy/SLURM_11194840_134/job-11194840-134-sub-90077/ds/inputs/data/qsiprep/qsiprep/sub-90077/ses-1/dwi/sub-90077_ses-1_acq-multiband_dir-AP_space-ACPC_desc-preproc_dwi.nii.gz	0.0	-0.093345426	0.5697543	-0.18550721	-0.093345426	-0.18550721	0.5697543	-0.29575387		sub-90077	ses-1		dir-AP	acq-multiband	space-ACPC			DSIStudio	autotrackgqi
ProjectionBasalGanglia_AcousticRadiationL	icvf	NODDI	/scratch/grmpy/SLURM_11194840_134/job-11194840-134-sub-90077/ds/inputs/data/qsiprep/qsiprep/sub-90077/ses-1/dwi/sub-90077_ses-1_acq-multiband_dir-AP_space-ACPC_desc-preproc_dwi.nii.gz	0.0259295499021526	0.65274864	0.19076101	0.63129836	0.6701247	0.63655037	0.16035691	0.6601831	0.6661895513534546	sub-90077	ses-1		dir-AP	acq-multiband	space-ACPC			DSIStudio	autotrackgqi
ProjectionBasalGanglia_AcousticRadiationL	isovf	NODDI	/scratch/grmpy/SLURM_11194840_134/job-11194840-134-sub-90077/ds/inputs/data/qsiprep/qsiprep/sub-90077/ses-1/dwi/sub-90077_ses-1_acq-multiband_dir-AP_space-ACPC_desc-preproc_dwi.nii.gz	0.1526418786692759	0.226861	0.27935025	0.11466455	0.2677274	0.13319516	0.28487352	0.16755433	0.1882434487342834	sub-90077	ses-1		dir-AP	acq-multiband	space-ACPC			DSIStudio	autotrackgqi
ProjectionBasalGanglia_AcousticRadiationL	modulated_icvf	NODDI	/scratch/grmpy/SLURM_11194840_134/job-11194840-134-sub-90077/ds/inputs/data/qsiprep/qsiprep/sub-90077/ses-1/dwi/sub-90077_ses-1_acq-multiband_dir-AP_space-ACPC_desc-preproc_dwi.nii.gz	0.0259295499021526	0.4886531	0.16740955	0.5237559	0.50166094	0.5265541	0.14915255	0.5352895	0.5401598215103149	sub-90077	ses-1		dir-AP	acq-multiband	space-ACPC			DSIStudio	autotrackgqi
ProjectionBasalGanglia_AcousticRadiationL	modulated_od	NODDI	/scratch/grmpy/SLURM_11194840_134/job-11194840-134-sub-90077/ds/inputs/data/qsiprep/qsiprep/sub-90077/ses-1/dwi/sub-90077_ses-1_acq-multiband_dir-AP_space-ACPC_desc-preproc_dwi.nii.gz	0.0034246575342465	0.17506757	0.14056951	0.13636449	0.1756692	0.13732246	0.14043505	0.15881117	0.1588519811630249	sub-90077	ses-1		dir-AP	acq-multiband	space-ACPC			DSIStudio	autotrackgqi
ProjectionBasalGanglia_AcousticRadiationL	nrmse	NODDI	/scratch/grmpy/SLURM_11194840_134/job-11194840-134-sub-90077/ds/inputs/data/qsiprep/qsiprep/sub-90077/ses-1/dwi/sub-90077_ses-1_acq-multiband_dir-AP_space-ACPC_desc-preproc_dwi.nii.gz	0.0	0.11720429	0.056792855	0.102833375	0.11720429	0.102833375	0.056792855	0.11268622	0.1126862168312072	sub-90077	ses-1		dir-AP	acq-multiband	space-ACPC			DSIStudio	autotrackgqi
ProjectionBasalGanglia_AcousticRadiationL	od	NODDI	/scratch/grmpy/SLURM_11194840_134/job-11194840-134-sub-90077/ds/inputs/data/qsiprep/qsiprep/sub-90077/ses-1/dwi/sub-90077_ses-1_acq-multiband_dir-AP_space-ACPC_desc-preproc_dwi.nii.gz	0.0	0.2567648	0.20110397	0.23616976	0.2567648	0.23616976	0.20110397	0.20762128	0.2076212763786316	sub-90077	ses-1		dir-AP	acq-multiband	space-ACPC			DSIStudio	autotrackgqi
ProjectionBasalGanglia_AcousticRadiationL	rmse	NODDI	/scratch/grmpy/SLURM_11194840_134/job-11194840-134-sub-90077/ds/inputs/data/qsiprep/qsiprep/sub-90077/ses-1/dwi/sub-90077_ses-1_acq-multiband_dir-AP_space-ACPC_desc-preproc_dwi.nii.gz	0.0	0.056243863	0.018119281	0.053466827	0.056243863	0.053466827	0.018119281	0.05692415	0.0569241493940353	sub-90077	ses-1		dir-AP	acq-multiband	space-ACPC			DSIStudio	autotrackgqi
ProjectionBasalGanglia_AcousticRadiationL	tf	NODDI	/scratch/grmpy/SLURM_11194840_134/job-11194840-134-sub-90077/ds/inputs/data/qsiprep/qsiprep/sub-90077/ses-1/dwi/sub-90077_ses-1_acq-multiband_dir-AP_space-ACPC_desc-preproc_dwi.nii.gz	0.0259295499021526	0.773139	0.27935025	0.88533545	0.7937198	0.8882289	0.25254408	0.8324457	0.8400195240974426	sub-90077	ses-1		dir-AP	acq-multiband	space-ACPC			DSIStudio	autotrackgqi
ProjectionBasalGanglia_CorticostriatalTractL	directions	NODDI	/scratch/grmpy/SLURM_11194840_134/job-11194840-134-sub-90077/ds/inputs/data/qsiprep/qsiprep/sub-90077/ses-1/dwi/sub-90077_ses-1_acq-multiband_dir-AP_space-ACPC_desc-preproc_dwi.nii.gz	26.0	-0.0011400996	0.57684714	-0.033402152	-0.0011420847	-0.035197757	0.5773491	0.099025585		sub-90077	ses-1		dir-AP	acq-multiband	space-ACPC			DSIStudio	autotrackgqi
ProjectionBasalGanglia_CorticostriatalTractL	icvf	NODDI	/scratch/grmpy/SLURM_11194840_134/job-11194840-134-sub-90077/ds/inputs/data/qsiprep/qsiprep/sub-90077/ses-1/dwi/sub-90077_ses-1_acq-multiband_dir-AP_space-ACPC_desc-preproc_dwi.nii.gz	0.0030752774435084	0.5478527	0.11859546	0.54995006	0.54954267	0.55038816	0.11480219	0.58472234	0.5848470330238342	sub-90077	ses-1		dir-AP	acq-multiband	space-ACPC			DSIStudio	autotrackgqi
ProjectionBasalGanglia_CorticostriatalTractL	isovf	NODDI	/scratch/grmpy/SLURM_11194840_134/job-11194840-134-sub-90077/ds/inputs/data/qsiprep/qsiprep/sub-90077/ses-1/dwi/sub-90077_ses-1_acq-multiband_dir-AP_space-ACPC_desc-preproc_dwi.nii.gz	0.221620537505014	0.10679721	0.1157616	0.09558569	0.13720456	0.120070964	0.114211164	0.114776954	0.1281867623329162	sub-90077	ses-1		dir-AP	acq-multiband	space-ACPC			DSIStudio	autotrackgqi
ProjectionBasalGanglia_CorticostriatalTractL	modulated_icvf	NODDI	/scratch/grmpy/SLURM_11194840_134/job-11194840-134-sub-90077/ds/inputs/data/qsiprep/qsiprep/sub-90077/ses-1/dwi/sub-90077_ses-1_acq-multiband_dir-AP_space-ACPC_desc-preproc_dwi.nii.gz	0.0030752774435084	0.48426965	0.09505516	0.49187818	0.48576352	0.49223864	0.09131098	0.5135174	0.5136268138885498	sub-90077	ses-1		dir-AP	acq-multiband	space-ACPC			DSIStudio	autotrackgqi
ProjectionBasalGanglia_CorticostriatalTractL	modulated_od	NODDI	/scratch/grmpy/SLURM_11194840_134/job-11194840-134-sub-90077/ds/inputs/data/qsiprep/qsiprep/sub-90077/ses-1/dwi/sub-90077_ses-1_acq-multiband_dir-AP_space-ACPC_desc-preproc_dwi.nii.gz	0.0024067388688327	0.27413058	0.17205425	0.24590749	0.27479193	0.24635184	0.17173335	0.21161813	0.2116529941558838	sub-90077	ses-1		dir-AP	acq-multiband	space-ACPC			DSIStudio	autotrackgqi
ProjectionBasalGanglia_CorticostriatalTractL	nrmse	NODDI	/scratch/grmpy/SLURM_11194840_134/job-11194840-134-sub-90077/ds/inputs/data/qsiprep/qsiprep/sub-90077/ses-1/dwi/sub-90077_ses-1_acq-multiband_dir-AP_space-ACPC_desc-preproc_dwi.nii.gz	0.0017382002941569	0.096453145	0.0312924	0.092285775	0.09662109	0.09231953	0.031059494	0.09603733	0.0960500836372375	sub-90077	ses-1		dir-AP	acq-multiband	space-ACPC			DSIStudio	autotrackgqi
ProjectionBasalGanglia_CorticostriatalTractL	od	NODDI	/scratch/grmpy/SLURM_11194840_134/job-11194840-134-sub-90077/ds/inputs/data/qsiprep/qsiprep/sub-90077/ses-1/dwi/sub-90077_ses-1_acq-multiband_dir-AP_space-ACPC_desc-preproc_dwi.nii.gz	0.0017382002941569	0.30639932	0.18291937	0.28245872	0.30693284	0.2829504	0.18263078	0.23723544	0.2372669577598571	sub-90077	ses-1		dir-AP	acq-multiband	space-ACPC			DSIStudio	autotrackgqi
ProjectionBasalGanglia_CorticostriatalTractL	rmse	NODDI	/scratch/grmpy/SLURM_11194840_134/job-11194840-134-sub-90077/ds/inputs/data/qsiprep/qsiprep/sub-90077/ses-1/dwi/sub-90077_ses-1_acq-multiband_dir-AP_space-ACPC_desc-preproc_dwi.nii.gz	0.0017382002941569	0.049426205	0.01642627	0.047561057	0.049512267	0.0475827	0.016310459	0.04995241	0.0499590449035167	sub-90077	ses-1		dir-AP	acq-multiband	space-ACPC			DSIStudio	autotrackgqi
ProjectionBasalGanglia_CorticostriatalTractL	tf	NODDI	/scratch/grmpy/SLURM_11194840_134/job-11194840-134-sub-90077/ds/inputs/data/qsiprep/qsiprep/sub-90077/ses-1/dwi/sub-90077_ses-1_acq-multiband_dir-AP_space-ACPC_desc-preproc_dwi.nii.gz	0.0030752774435084	0.8914646	0.12150991	0.90399635	0.8942146	0.9043956	0.11113573	0.88509023	0.8852789402008057	sub-90077	ses-1		dir-AP	acq-multiband	space-ACPC			DSIStudio	autotrackgqi
ProjectionBasalGanglia_OpticRadiationR	directions	NODDI	/scratch/grmpy/SLURM_11194840_134/job-11194840-134-sub-90077/ds/inputs/data/qsiprep/qsiprep/sub-90077/ses-1/dwi/sub-90077_ses-1_acq-multiband_dir-AP_space-ACPC_desc-preproc_dwi.nii.gz	2.0	-0.018086463	0.5768037	-0.051087115	-0.018102959	-0.052093815	0.5770664	0.060238138		sub-90077	ses-1		dir-AP	acq-multiband	space-ACPC			DSIStudio	autotrackgqi
ProjectionBasalGanglia_OpticRadiationR	icvf	NODDI	/scratch/grmpy/SLURM_11194840_134/job-11194840-134-sub-90077/ds/inputs/data/qsiprep/qsiprep/sub-90077/ses-1/dwi/sub-90077_ses-1_acq-multiband_dir-AP_space-ACPC_desc-preproc_dwi.nii.gz	0.0054669703872437	0.5624092	0.14740351	0.53968257	0.5655008	0.54033774	0.14177075	0.5966952	0.5970429182052612	sub-90077	ses-1		dir-AP	acq-multiband	space-ACPC			DSIStudio	autotrackgqi
ProjectionBasalGanglia_OpticRadiationR	isovf	NODDI	/scratch/grmpy/SLURM_11194840_134/job-11194840-134-sub-90077/ds/inputs/data/qsiprep/qsiprep/sub-90077/ses-1/dwi/sub-90077_ses-1_acq-multiband_dir-AP_space-ACPC_desc-preproc_dwi.nii.gz	0.2469248291571754	0.13580036	0.18709019	0.08809483	0.18032776	0.124588475	0.19608726	0.1400106	0.1509985625743866	sub-90077	ses-1		dir-AP	acq-multiband	space-ACPC			DSIStudio	autotrackgqi
ProjectionBasalGanglia_OpticRadiationR	modulated_icvf	NODDI	/scratch/grmpy/SLURM_11194840_134/job-11194840-134-sub-90077/ds/inputs/data/qsiprep/qsiprep/sub-90077/ses-1/dwi/sub-90077_ses-1_acq-multiband_dir-AP_space-ACPC_desc-preproc_dwi.nii.gz	0.0054669703872437	0.471234	0.10920804	0.48851085	0.47382438	0.48911768	0.10375245	0.50259656	0.5028895139694214	sub-90077	ses-1		dir-AP	acq-multiband	space-ACPC			DSIStudio	autotrackgqi
ProjectionBasalGanglia_OpticRadiationR	modulated_od	NODDI	/scratch/grmpy/SLURM_11194840_134/job-11194840-134-sub-90077/ds/inputs/data/qsiprep/qsiprep/sub-90077/ses-1/dwi/sub-90077_ses-1_acq-multiband_dir-AP_space-ACPC_desc-preproc_dwi.nii.gz	0.0013667425968109	0.26946086	0.19787113	0.23747845	0.26982963	0.23803213	0.19775504	0.17188108	0.1718847453594207	sub-90077	ses-1		dir-AP	acq-multiband	space-ACPC			DSIStudio	autotrackgqi
ProjectionBasalGanglia_OpticRadiationR	nrmse	NODDI	/scratch/grmpy/SLURM_11194840_134/job-11194840-134-sub-90077/ds/inputs/data/qsiprep/qsiprep/sub-90077/ses-1/dwi/sub-90077_ses-1_acq-multiband_dir-AP_space-ACPC_desc-preproc_dwi.nii.gz	0.0009111617312072	0.10565425	0.05232719	0.09435841	0.105750605	0.09436508	0.052253634	0.1022778	0.1022796481847763	sub-90077	ses-1		dir-AP	acq-multiband	space-ACPC			DSIStudio	autotrackgqi
ProjectionBasalGanglia_OpticRadiationR	od	NODDI	/scratch/grmpy/SLURM_11194840_134/job-11194840-134-sub-90077/ds/inputs/data/qsiprep/qsiprep/sub-90077/ses-1/dwi/sub-90077_ses-1_acq-multiband_dir-AP_space-ACPC_desc-preproc_dwi.nii.gz	0.0009111617312072	0.30903542	0.20506641	0.29160348	0.30931726	0.29168767	0.20494734	0.20326933	0.2032729983329773	sub-90077	ses-1		dir-AP	acq-multiband	space-ACPC			DSIStudio	autotrackgqi
ProjectionBasalGanglia_OpticRadiationR	rmse	NODDI	/scratch/grmpy/SLURM_11194840_134/job-11194840-134-sub-90077/ds/inputs/data/qsiprep/qsiprep/sub-90077/ses-1/dwi/sub-90077_ses-1_acq-multiband_dir-AP_space-ACPC_desc-preproc_dwi.nii.gz	0.0009111617312072	0.05259158	0.024263775	0.0479472	0.052639544	0.04799309	0.024222776	0.052299242	0.0523001849651336	sub-90077	ses-1		dir-AP	acq-multiband	space-ACPC			DSIStudio	autotrackgqi
ProjectionBasalGanglia_OpticRadiationR	tf	NODDI	/scratch/grmpy/SLURM_11194840_134/job-11194840-134-sub-90077/ds/inputs/data/qsiprep/qsiprep/sub-90077/ses-1/dwi/sub-90077_ses-1_acq-multiband_dir-AP_space-ACPC_desc-preproc_dwi.nii.gz	0.0054669703872437	0.86328846	0.18885337	0.9114557	0.868034	0.9128441	0.17816392	0.8599714	0.8604726195335388	sub-90077	ses-1		dir-AP	acq-multiband	space-ACPC			DSIStudio	autotrackgqi
ProjectionBrainstem_MedialForebrainBundleR	directions	NODDI	/scratch/grmpy/SLURM_11194840_134/job-11194840-134-sub-90077/ds/inputs/data/qsiprep/qsiprep/sub-90077/ses-1/dwi/sub-90077_ses-1_acq-multiband_dir-AP_space-ACPC_desc-preproc_dwi.nii.gz	0.0	-0.0029860283	0.57734257	-0.051597722	-0.0029860283	-0.051597722	0.57734257	-0.064601764		sub-90077	ses-1		dir-AP	acq-multiband	space-ACPC			DSIStudio	autotrackgqi
ProjectionBrainstem_MedialForebrainBundleR	icvf	NODDI	/scratch/grmpy/SLURM_11194840_134/job-11194840-134-sub-90077/ds/inputs/data/qsiprep/qsiprep/sub-90077/ses-1/dwi/sub-90077_ses-1_acq-multiband_dir-AP_space-ACPC_desc-preproc_dwi.nii.gz	0.04	0.69932616	0.2138366	0.69727486	0.7284648	0.7062038	0.16249587	0.6920233	0.6994946002960205	sub-90077	ses-1		dir-AP	acq-multiband	space-ACPC			DSIStudio	autotrackgqi
ProjectionBrainstem_MedialForebrainBundleR	isovf	NODDI	/scratch/grmpy/SLURM_11194840_134/job-11194840-134-sub-90077/ds/inputs/data/qsiprep/qsiprep/sub-90077/ses-1/dwi/sub-90077_ses-1_acq-multiband_dir-AP_space-ACPC_desc-preproc_dwi.nii.gz	0.1	0.26408157	0.24558158	0.19687545	0.29342395	0.21396473	0.24166442	0.20832995	0.2402642667293548	sub-90077	ses-1		dir-AP	acq-multiband	space-ACPC			DSIStudio	autotrackgqi
ProjectionBrainstem_MedialForebrainBundleR	modulated_icvf	NODDI	/scratch/grmpy/SLURM_11194840_134/job-11194840-134-sub-90077/ds/inputs/data/qsiprep/qsiprep/sub-90077/ses-1/dwi/sub-90077_ses-1_acq-multiband_dir-AP_space-ACPC_desc-preproc_dwi.nii.gz	0.04	0.49445796	0.17806987	0.5219989	0.51506037	0.5308645	0.1497284	0.5276521	0.533348798751831	sub-90077	ses-1		dir-AP	acq-multiband	space-ACPC			DSIStudio	autotrackgqi
ProjectionBrainstem_MedialForebrainBundleR	modulated_od	NODDI	/scratch/grmpy/SLURM_11194840_134/job-11194840-134-sub-90077/ds/inputs/data/qsiprep/qsiprep/sub-90077/ses-1/dwi/sub-90077_ses-1_acq-multiband_dir-AP_space-ACPC_desc-preproc_dwi.nii.gz	0.0	0.203293	0.17329077	0.17435338	0.203293	0.17435338	0.17329077	0.17091139	0.1709113866090774	sub-90077	ses-1		dir-AP	acq-multiband	space-ACPC			DSIStudio	autotrackgqi
ProjectionBrainstem_MedialForebrainBundleR	nrmse	NODDI	/scratch/grmpy/SLURM_11194840_134/job-11194840-134-sub-90077/ds/inputs/data/qsiprep/qsiprep/sub-90077/ses-1/dwi/sub-90077_ses-1_acq-multiband_dir-AP_space-ACPC_desc-preproc_dwi.nii.gz	0.0234146341463414	0.13730028	0.052388072	0.12940499	0.1405922	0.13006991	0.04845095	0.13236694	0.1333428919315338	sub-90077	ses-1		dir-AP	acq-multiband	space-ACPC			DSIStudio	autotrackgqi
ProjectionBrainstem_MedialForebrainBundleR	od	NODDI	/scratch/grmpy/SLURM_11194840_134/job-11194840-134-sub-90077/ds/inputs/data/qsiprep/qsiprep/sub-90077/ses-1/dwi/sub-90077_ses-1_acq-multiband_dir-AP_space-ACPC_desc-preproc_dwi.nii.gz	0.0	0.2940787	0.20917568	0.2596579	0.2940787	0.2596579	0.20917568	0.22732046	0.2273204624652862	sub-90077	ses-1		dir-AP	acq-multiband	space-ACPC			DSIStudio	autotrackgqi
ProjectionBrainstem_MedialForebrainBundleR	rmse	NODDI	/scratch/grmpy/SLURM_11194840_134/job-11194840-134-sub-90077/ds/inputs/data/qsiprep/qsiprep/sub-90077/ses-1/dwi/sub-90077_ses-1_acq-multiband_dir-AP_space-ACPC_desc-preproc_dwi.nii.gz	0.0234146341463414	0.066519424	0.02130958	0.06465794	0.068114296	0.06514945	0.01887729	0.06750865	0.0680063962936401	sub-90077	ses-1		dir-AP	acq-multiband	space-ACPC			DSIStudio	autotrackgqi
ProjectionBrainstem_MedialForebrainBundleR	tf	NODDI	/scratch/grmpy/SLURM_11194840_134/job-11194840-134-sub-90077/ds/inputs/data/qsiprep/qsiprep/sub-90077/ses-1/dwi/sub-90077_ses-1_acq-multiband_dir-AP_space-ACPC_desc-preproc_dwi.nii.gz	0.0165853658536585	0.73591846	0.24558158	0.80312455	0.74832976	0.8078859	0.2281221	0.7916701	0.7943406105041504	sub-90077	ses-1		dir-AP	acq-multiband	space-ACPC			DSIStudio	autotrackgqi
ProjectionBasalGanglia_FornixR	directions	NODDI	/scratch/grmpy/SLURM_11194840_134/job-11194840-134-sub-90077/ds/inputs/data/qsiprep/qsiprep/sub-90077/ses-1/dwi/sub-90077_ses-1_acq-multiband_dir-AP_space-ACPC_desc-preproc_dwi.nii.gz	1.0	-0.051849276	0.5748994	-0.08475588	-0.051870387	-0.08488901	0.5750155	-0.18669637		sub-90077	ses-1		dir-AP	acq-multiband	space-ACPC			DSIStudio	autotrackgqi
ProjectionBasalGanglia_FornixR	icvf	NODDI	/scratch/grmpy/SLURM_11194840_134/job-11194840-134-sub-90077/ds/inputs/data/qsiprep/qsiprep/sub-90077/ses-1/dwi/sub-90077_ses-1_acq-multiband_dir-AP_space-ACPC_desc-preproc_dwi.nii.gz	0.0337810337810337	0.5890936	0.2333082	0.53845626	0.6096896	0.54663086	0.20923352	0.5976119	0.6093586087226868	sub-90077	ses-1		dir-AP	acq-multiband	space-ACPC			DSIStudio	autotrackgqi
ProjectionBasalGanglia_FornixR	isovf	NODDI	/scratch/grmpy/SLURM_11194840_134/job-11194840-134-sub-90077/ds/inputs/data/qsiprep/qsiprep/sub-90077/ses-1/dwi/sub-90077_ses-1_acq-multiband_dir-AP_space-ACPC_desc-preproc_dwi.nii.gz	0.221001221001221	0.3074119	0.3062879	0.20331538	0.39462435	0.31372607	0.2932756	0.292987	0.3732454180717468	sub-90077	ses-1		dir-AP	acq-multiband	space-ACPC			DSIStudio	autotrackgqi
ProjectionBasalGanglia_FornixR	modulated_icvf	NODDI	/scratch/grmpy/SLURM_11194840_134/job-11194840-134-sub-90077/ds/inputs/data/qsiprep/qsiprep/sub-90077/ses-1/dwi/sub-90077_ses-1_acq-multiband_dir-AP_space-ACPC_desc-preproc_dwi.nii.gz	0.0337810337810337	0.3754868	0.1435556	0.3916342	0.3886146	0.3967839	0.12738548	0.38645324	0.3940494060516357	sub-90077	ses-1		dir-AP	acq-multiband	space-ACPC			DSIStudio	autotrackgqi
ProjectionBasalGanglia_FornixR	modulated_od	NODDI	/scratch/grmpy/SLURM_11194840_134/job-11194840-134-sub-90077/ds/inputs/data/qsiprep/qsiprep/sub-90077/ses-1/dwi/sub-90077_ses-1_acq-multiband_dir-AP_space-ACPC_desc-preproc_dwi.nii.gz	0.0008140008140008	0.20481059	0.17090453	0.16858724	0.20497744	0.16876972	0.17087407	0.18854481	0.1885601580142974	sub-90077	ses-1		dir-AP	acq-multiband	space-ACPC			DSIStudio	autotrackgqi
ProjectionBasalGanglia_FornixR	nrmse	NODDI	/scratch/grmpy/SLURM_11194840_134/job-11194840-134-sub-90077/ds/inputs/data/qsiprep/qsiprep/sub-90077/ses-1/dwi/sub-90077_ses-1_acq-multiband_dir-AP_space-ACPC_desc-preproc_dwi.nii.gz	0.0004070004070004	0.11658002	0.045440715	0.10562437	0.116627485	0.105633184	0.045389023	0.11362648	0.1136351823806762	sub-90077	ses-1		dir-AP	acq-multiband	space-ACPC			DSIStudio	autotrackgqi
ProjectionBasalGanglia_FornixR	od	NODDI	/scratch/grmpy/SLURM_11194840_134/job-11194840-134-sub-90077/ds/inputs/data/qsiprep/qsiprep/sub-90077/ses-1/dwi/sub-90077_ses-1_acq-multiband_dir-AP_space-ACPC_desc-preproc_dwi.nii.gz	0.0004070004070004	0.30875114	0.21055567	0.28588885	0.30887687	0.28589666	0.2105063	0.27022156	0.2702422440052032	sub-90077	ses-1		dir-AP	acq-multiband	space-ACPC			DSIStudio	autotrackgqi
ProjectionBasalGanglia_FornixR	rmse	NODDI	/scratch/grmpy/SLURM_11194840_134/job-11194840-134-sub-90077/ds/inputs/data/qsiprep/qsiprep/sub-90077/ses-1/dwi/sub-90077_ses-1_acq-multiband_dir-AP_space-ACPC_desc-preproc_dwi.nii.gz	0.0004070004070004	0.051507194	0.014226018	0.048887327	0.051528167	0.04889153	0.014190891	0.051009886	0.0510137900710105	sub-90077	ses-1		dir-AP	acq-multiband	space-ACPC			DSIStudio	autotrackgqi
ProjectionBasalGanglia_FornixR	tf	NODDI	/scratch/grmpy/SLURM_11194840_134/job-11194840-134-sub-90077/ds/inputs/data/qsiprep/qsiprep/sub-90077/ses-1/dwi/sub-90077_ses-1_acq-multiband_dir-AP_space-ACPC_desc-preproc_dwi.nii.gz	0.0337810337810337	0.6921811	0.30654347	0.7966813	0.7163812	0.8098961	0.28269726	0.7069364	0.7208320498466492	sub-90077	ses-1		dir-AP	acq-multiband	space-ACPC			DSIStudio	autotrackgqi
ProjectionBrainstem_MedialLemniscusR	directions	NODDI	/scratch/grmpy/SLURM_11194840_134/job-11194840-134-sub-90077/ds/inputs/data/qsiprep/qsiprep/sub-90077/ses-1/dwi/sub-90077_ses-1_acq-multiband_dir-AP_space-ACPC_desc-preproc_dwi.nii.gz	0.0	0.06625358	0.5735362	0.045378212	0.06625358	0.045378212	0.5735362	0.115509175		sub-90077	ses-1		dir-AP	acq-multiband	space-ACPC			DSIStudio	autotrackgqi
ProjectionBrainstem_MedialLemniscusR	icvf	NODDI	/scratch/grmpy/SLURM_11194840_134/job-11194840-134-sub-90077/ds/inputs/data/qsiprep/qsiprep/sub-90077/ses-1/dwi/sub-90077_ses-1_acq-multiband_dir-AP_space-ACPC_desc-preproc_dwi.nii.gz	0.0011702750146284	0.601466	0.13018416	0.5922711	0.6021707	0.592343	0.12862122	0.650723	0.6510459780693054	sub-90077	ses-1		dir-AP	acq-multiband	space-ACPC			DSIStudio	autotrackgqi
ProjectionBrainstem_MedialLemniscusR	isovf	NODDI	/scratch/grmpy/SLURM_11194840_134/job-11194840-134-sub-90077/ds/inputs/data/qsiprep/qsiprep/sub-90077/ses-1/dwi/sub-90077_ses-1_acq-multiband_dir-AP_space-ACPC_desc-preproc_dwi.nii.gz	0.1635459332943241	0.12579104	0.14185189	0.10243905	0.15038607	0.118909225	0.14267977	0.13987589	0.15997976064682	sub-90077	ses-1		dir-AP	acq-multiband	space-ACPC			DSIStudio	autotrackgqi
ProjectionBrainstem_MedialLemniscusR	modulated_icvf	NODDI	/scratch/grmpy/SLURM_11194840_134/job-11194840-134-sub-90077/ds/inputs/data/qsiprep/qsiprep/sub-90077/ses-1/dwi/sub-90077_ses-1_acq-multiband_dir-AP_space-ACPC_desc-preproc_dwi.nii.gz	0.0011702750146284	0.51659393	0.10350853	0.5234884	0.5171992	0.5235312	0.10204668	0.5465821	0.5468534231185913	sub-90077	ses-1		dir-AP	acq-multiband	space-ACPC			DSIStudio	autotrackgqi
ProjectionBrainstem_MedialLemniscusR	modulated_od	NODDI	/scratch/grmpy/SLURM_11194840_134/job-11194840-134-sub-90077/ds/inputs/data/qsiprep/qsiprep/sub-90077/ses-1/dwi/sub-90077_ses-1_acq-multiband_dir-AP_space-ACPC_desc-preproc_dwi.nii.gz	0.0	0.2134668	0.13896711	0.19693086	0.2134668	0.19693086	0.13896711	0.17161691	0.1716169118881225	sub-90077	ses-1		dir-AP	acq-multiband	space-ACPC			DSIStudio	autotrackgqi
ProjectionBrainstem_MedialLemniscusR	nrmse	NODDI	/scratch/grmpy/SLURM_11194840_134/job-11194840-134-sub-90077/ds/inputs/data/qsiprep/qsiprep/sub-90077/ses-1/dwi/sub-90077_ses-1_acq-multiband_dir-AP_space-ACPC_desc-preproc_dwi.nii.gz	0.0	0.09859821	0.028512027	0.09384193	0.09859821	0.09384193	0.028512027	0.109700665	0.1097006648778915	sub-90077	ses-1		dir-AP	acq-multiband	space-ACPC			DSIStudio	autotrackgqi
ProjectionBrainstem_MedialLemniscusR	od	NODDI	/scratch/grmpy/SLURM_11194840_134/job-11194840-134-sub-90077/ds/inputs/data/qsiprep/qsiprep/sub-90077/ses-1/dwi/sub-90077_ses-1_acq-multiband_dir-AP_space-ACPC_desc-preproc_dwi.nii.gz	0.0	0.24629438	0.1546834	0.23043393	0.24629438	0.23043393	0.1546834	0.19972916	0.1997291594743728	sub-90077	ses-1		dir-AP	acq-multiband	space-ACPC			DSIStudio	autotrackgqi
ProjectionBrainstem_MedialLemniscusR	rmse	NODDI	/scratch/grmpy/SLURM_11194840_134/job-11194840-134-sub-90077/ds/inputs/data/qsiprep/qsiprep/sub-90077/ses-1/dwi/sub-90077_ses-1_acq-multiband_dir-AP_space-ACPC_desc-preproc_dwi.nii.gz	0.0	0.05093833	0.013214392	0.04939904	0.05093833	0.04939904	0.013214392	0.057367396	0.0573673956096172	sub-90077	ses-1		dir-AP	acq-multiband	space-ACPC			DSIStudio	autotrackgqi
ProjectionBrainstem_MedialLemniscusR	tf	NODDI	/scratch/grmpy/SLURM_11194840_134/job-11194840-134-sub-90077/ds/inputs/data/qsiprep/qsiprep/sub-90077/ses-1/dwi/sub-90077_ses-1_acq-multiband_dir-AP_space-ACPC_desc-preproc_dwi.nii.gz	0.0011702750146284	0.874209	0.14185189	0.89756095	0.8752333	0.8975987	0.138741	0.8601241	0.860551118850708	sub-90077	ses-1		dir-AP	acq-multiband	space-ACPC			DSIStudio	autotrackgqi
ProjectionBasalGanglia_OpticRadiationL	directions	NODDI	/scratch/grmpy/SLURM_11194840_134/job-11194840-134-sub-90077/ds/inputs/data/qsiprep/qsiprep/sub-90077/ses-1/dwi/sub-90077_ses-1_acq-multiband_dir-AP_space-ACPC_desc-preproc_dwi.nii.gz	6.0	-0.119726375	0.56398004	-0.1905241	-0.12005972	-0.19356593	0.56472915	-0.5211131		sub-90077	ses-1		dir-AP	acq-multiband	space-ACPC			DSIStudio	autotrackgqi
ProjectionBasalGanglia_OpticRadiationL	icvf	NODDI	/scratch/grmpy/SLURM_11194840_134/job-11194840-134-sub-90077/ds/inputs/data/qsiprep/qsiprep/sub-90077/ses-1/dwi/sub-90077_ses-1_acq-multiband_dir-AP_space-ACPC_desc-preproc_dwi.nii.gz	0.0115687181860249	0.59634566	0.15303254	0.5854653	0.60332537	0.58655846	0.13957803	0.6455827	0.646552562713623	sub-90077	ses-1		dir-AP	acq-multiband	space-ACPC			DSIStudio	autotrackgqi
ProjectionBasalGanglia_OpticRadiationL	isovf	NODDI	/scratch/grmpy/SLURM_11194840_134/job-11194840-134-sub-90077/ds/inputs/data/qsiprep/qsiprep/sub-90077/ses-1/dwi/sub-90077_ses-1_acq-multiband_dir-AP_space-ACPC_desc-preproc_dwi.nii.gz	0.1790837575196668	0.13792293	0.19646348	0.09076568	0.16801096	0.10667582	0.2048486	0.12979563	0.1418268531560897	sub-90077	ses-1		dir-AP	acq-multiband	space-ACPC			DSIStudio	autotrackgqi
ProjectionBasalGanglia_OpticRadiationL	modulated_icvf	NODDI	/scratch/grmpy/SLURM_11194840_134/job-11194840-134-sub-90077/ds/inputs/data/qsiprep/qsiprep/sub-90077/ses-1/dwi/sub-90077_ses-1_acq-multiband_dir-AP_space-ACPC_desc-preproc_dwi.nii.gz	0.0115687181860249	0.49995583	0.12032036	0.5202162	0.50580734	0.52169716	0.10810493	0.5503189	0.551145613193512	sub-90077	ses-1		dir-AP	acq-multiband	space-ACPC			DSIStudio	autotrackgqi
ProjectionBasalGanglia_OpticRadiationL	modulated_od	NODDI	/scratch/grmpy/SLURM_11194840_134/job-11194840-134-sub-90077/ds/inputs/data/qsiprep/qsiprep/sub-90077/ses-1/dwi/sub-90077_ses-1_acq-multiband_dir-AP_space-ACPC_desc-preproc_dwi.nii.gz	0.0027764923646459	0.22891663	0.18848328	0.19085018	0.22955398	0.19130604	0.18835752	0.15369464	0.1537042111158371	sub-90077	ses-1		dir-AP	acq-multiband	space-ACPC			DSIStudio	autotrackgqi
ProjectionBasalGanglia_OpticRadiationL	nrmse	NODDI	/scratch/grmpy/SLURM_11194840_134/job-11194840-134-sub-90077/ds/inputs/data/qsiprep/qsiprep/sub-90077/ses-1/dwi/sub-90077_ses-1_acq-multiband_dir-AP_space-ACPC_desc-preproc_dwi.nii.gz	0.0027764923646459	0.1086173	0.053182513	0.09641891	0.10891972	0.09656301	0.052946344	0.10894716	0.108953945338726	sub-90077	ses-1		dir-AP	acq-multiband	space-ACPC			DSIStudio	autotrackgqi
ProjectionBasalGanglia_OpticRadiationL	od	NODDI	/scratch/grmpy/SLURM_11194840_134/job-11194840-134-sub-90077/ds/inputs/data/qsiprep/qsiprep/sub-90077/ses-1/dwi/sub-90077_ses-1_acq-multiband_dir-AP_space-ACPC_desc-preproc_dwi.nii.gz	0.0027764923646459	0.27597153	0.21105367	0.24750768	0.27673993	0.24847502	0.21084361	0.18364577	0.1836572140455246	sub-90077	ses-1		dir-AP	acq-multiband	space-ACPC			DSIStudio	autotrackgqi
ProjectionBasalGanglia_OpticRadiationL	rmse	NODDI	/scratch/grmpy/SLURM_11194840_134/job-11194840-134-sub-90077/ds/inputs/data/qsiprep/qsiprep/sub-90077/ses-1/dwi/sub-90077_ses-1_acq-multiband_dir-AP_space-ACPC_desc-preproc_dwi.nii.gz	0.0027764923646459	0.05449468	0.023351269	0.050992794	0.054646403	0.05100871	0.023205789	0.057025276	0.0570288263261318	sub-90077	ses-1		dir-AP	acq-multiband	space-ACPC			DSIStudio	autotrackgqi
ProjectionBasalGanglia_OpticRadiationL	tf	NODDI	/scratch/grmpy/SLURM_11194840_134/job-11194840-134-sub-90077/ds/inputs/data/qsiprep/qsiprep/sub-90077/ses-1/dwi/sub-90077_ses-1_acq-multiband_dir-AP_space-ACPC_desc-preproc_dwi.nii.gz	0.0115687181860249	0.8593006	0.2014964	0.9088391	0.86935794	0.91023856	0.17981255	0.8701421	0.8714491724967957	sub-90077	ses-1		dir-AP	acq-multiband	space-ACPC			DSIStudio	autotrackgqi
ProjectionBasalGanglia_FornixL	directions	NODDI	/scratch/grmpy/SLURM_11194840_134/job-11194840-134-sub-90077/ds/inputs/data/qsiprep/qsiprep/sub-90077/ses-1/dwi/sub-90077_ses-1_acq-multiband_dir-AP_space-ACPC_desc-preproc_dwi.nii.gz	0.0	-0.035062134	0.57628465	-0.06478936	-0.035062134	-0.06478936	0.57628465	-0.022180751		sub-90077	ses-1		dir-AP	acq-multiband	space-ACPC			DSIStudio	autotrackgqi
ProjectionBasalGanglia_FornixL	icvf	NODDI	/scratch/grmpy/SLURM_11194840_134/job-11194840-134-sub-90077/ds/inputs/data/qsiprep/qsiprep/sub-90077/ses-1/dwi/sub-90077_ses-1_acq-multiband_dir-AP_space-ACPC_desc-preproc_dwi.nii.gz	0.0125523012552301	0.57464725	0.19816174	0.5251871	0.5819521	0.52730906	0.18845738	0.5872654	0.5897717475891113	sub-90077	ses-1		dir-AP	acq-multiband	space-ACPC			DSIStudio	autotrackgqi
ProjectionBasalGanglia_FornixL	isovf	NODDI	/scratch/grmpy/SLURM_11194840_134/job-11194840-134-sub-90077/ds/inputs/data/qsiprep/qsiprep/sub-90077/ses-1/dwi/sub-90077_ses-1_acq-multiband_dir-AP_space-ACPC_desc-preproc_dwi.nii.gz	0.3079497907949791	0.23345175	0.28312853	0.109952286	0.33733356	0.23497567	0.2842349	0.2523514	0.3325195908546448	sub-90077	ses-1		dir-AP	acq-multiband	space-ACPC			DSIStudio	autotrackgqi
ProjectionBasalGanglia_FornixL	modulated_icvf	NODDI	/scratch/grmpy/SLURM_11194840_134/job-11194840-134-sub-90077/ds/inputs/data/qsiprep/qsiprep/sub-90077/ses-1/dwi/sub-90077_ses-1_acq-multiband_dir-AP_space-ACPC_desc-preproc_dwi.nii.gz	0.0125523012552301	0.40551522	0.13078155	0.4215933	0.41067007	0.4230065	0.12330566	0.40784997	0.4095906913280487	sub-90077	ses-1		dir-AP	acq-multiband	space-ACPC			DSIStudio	autotrackgqi
ProjectionBasalGanglia_FornixL	modulated_od	NODDI	/scratch/grmpy/SLURM_11194840_134/job-11194840-134-sub-90077/ds/inputs/data/qsiprep/qsiprep/sub-90077/ses-1/dwi/sub-90077_ses-1_acq-multiband_dir-AP_space-ACPC_desc-preproc_dwi.nii.gz	0.000836820083682	0.24876434	0.17718552	0.23542473	0.24897268	0.23555298	0.17711332	0.20835838	0.2084699869155883	sub-90077	ses-1		dir-AP	acq-multiband	space-ACPC			DSIStudio	autotrackgqi
ProjectionBasalGanglia_FornixL	nrmse	NODDI	/scratch/grmpy/SLURM_11194840_134/job-11194840-134-sub-90077/ds/inputs/data/qsiprep/qsiprep/sub-90077/ses-1/dwi/sub-90077_ses-1_acq-multiband_dir-AP_space-ACPC_desc-preproc_dwi.nii.gz	0.0	0.109811544	0.033859063	0.10352981	0.109811544	0.10352981	0.033859063	0.10559695	0.1055969521403312	sub-90077	ses-1		dir-AP	acq-multiband	space-ACPC			DSIStudio	autotrackgqi
ProjectionBasalGanglia_FornixL	od	NODDI	/scratch/grmpy/SLURM_11194840_134/job-11194840-134-sub-90077/ds/inputs/data/qsiprep/qsiprep/sub-90077/ses-1/dwi/sub-90077_ses-1_acq-multiband_dir-AP_space-ACPC_desc-preproc_dwi.nii.gz	0.0	0.3238997	0.18343242	0.30462074	0.3238997	0.30462074	0.18343242	0.2741942	0.2741942107677459	sub-90077	ses-1		dir-AP	acq-multiband	space-ACPC			DSIStudio	autotrackgqi
ProjectionBasalGanglia_FornixL	rmse	NODDI	/scratch/grmpy/SLURM_11194840_134/job-11194840-134-sub-90077/ds/inputs/data/qsiprep/qsiprep/sub-90077/ses-1/dwi/sub-90077_ses-1_acq-multiband_dir-AP_space-ACPC_desc-preproc_dwi.nii.gz	0.0	0.05123936	0.012865711	0.049624056	0.05123936	0.049624056	0.012865711	0.049428735	0.0494287349283695	sub-90077	ses-1		dir-AP	acq-multiband	space-ACPC			DSIStudio	autotrackgqi
ProjectionBasalGanglia_FornixL	tf	NODDI	/scratch/grmpy/SLURM_11194840_134/job-11194840-134-sub-90077/ds/inputs/data/qsiprep/qsiprep/sub-90077/ses-1/dwi/sub-90077_ses-1_acq-multiband_dir-AP_space-ACPC_desc-preproc_dwi.nii.gz	0.0125523012552301	0.7665482	0.28312853	0.89004767	0.7762925	0.8930982	0.27132338	0.7476486	0.7508395314216614	sub-90077	ses-1		dir-AP	acq-multiband	space-ACPC			DSIStudio	autotrackgqi
ProjectionBasalGanglia_AnsaLenticularisL	directions	NODDI	/scratch/grmpy/SLURM_11194840_134/job-11194840-134-sub-90077/ds/inputs/data/qsiprep/qsiprep/sub-90077/ses-1/dwi/sub-90077_ses-1_acq-multiband_dir-AP_space-ACPC_desc-preproc_dwi.nii.gz	0.0	-0.007992112	0.57729495	0.011974685	-0.007992112	0.011974685	0.57729495	0.10918905		sub-90077	ses-1		dir-AP	acq-multiband	space-ACPC			DSIStudio	autotrackgqi
ProjectionBasalGanglia_AnsaLenticularisL	icvf	NODDI	/scratch/grmpy/SLURM_11194840_134/job-11194840-134-sub-90077/ds/inputs/data/qsiprep/qsiprep/sub-90077/ses-1/dwi/sub-90077_ses-1_acq-multiband_dir-AP_space-ACPC_desc-preproc_dwi.nii.gz	0.0121173469387755	0.6091457	0.18214463	0.56270504	0.6166175	0.56450576	0.1702245	0.61849207	0.6198205947875977	sub-90077	ses-1		dir-AP	acq-multiband	space-ACPC			DSIStudio	autotrackgqi
ProjectionBasalGanglia_AnsaLenticularisL	isovf	NODDI	/scratch/grmpy/SLURM_11194840_134/job-11194840-134-sub-90077/ds/inputs/data/qsiprep/qsiprep/sub-90077/ses-1/dwi/sub-90077_ses-1_acq-multiband_dir-AP_space-ACPC_desc-preproc_dwi.nii.gz	0.2480867346938775	0.19890957	0.2407663	0.12637815	0.2645379	0.18519457	0.24440409	0.17863727	0.2378411591053009	sub-90077	ses-1		dir-AP	acq-multiband	space-ACPC			DSIStudio	autotrackgqi
ProjectionBasalGanglia_AnsaLenticularisL	modulated_icvf	NODDI	/scratch/grmpy/SLURM_11194840_134/job-11194840-134-sub-90077/ds/inputs/data/qsiprep/qsiprep/sub-90077/ses-1/dwi/sub-90077_ses-1_acq-multiband_dir-AP_space-ACPC_desc-preproc_dwi.nii.gz	0.0121173469387755	0.46368307	0.12605107	0.48271823	0.4693706	0.48419747	0.11581971	0.4851786	0.4862207472324371	sub-90077	ses-1		dir-AP	acq-multiband	space-ACPC			DSIStudio	autotrackgqi
ProjectionBasalGanglia_AnsaLenticularisL	modulated_od	NODDI	/scratch/grmpy/SLURM_11194840_134/job-11194840-134-sub-90077/ds/inputs/data/qsiprep/qsiprep/sub-90077/ses-1/dwi/sub-90077_ses-1_acq-multiband_dir-AP_space-ACPC_desc-preproc_dwi.nii.gz	0.0	0.267974	0.14731246	0.26444587	0.267974	0.26444587	0.14731246	0.25942153	0.2594215273857116	sub-90077	ses-1		dir-AP	acq-multiband	space-ACPC			DSIStudio	autotrackgqi
ProjectionBasalGanglia_AnsaLenticularisL	nrmse	NODDI	/scratch/grmpy/SLURM_11194840_134/job-11194840-134-sub-90077/ds/inputs/data/qsiprep/qsiprep/sub-90077/ses-1/dwi/sub-90077_ses-1_acq-multiband_dir-AP_space-ACPC_desc-preproc_dwi.nii.gz	0.0	0.12067814	0.040180337	0.11275402	0.12067814	0.11275402	0.040180337	0.11948001	0.1194800063967704	sub-90077	ses-1		dir-AP	acq-multiband	space-ACPC			DSIStudio	autotrackgqi
ProjectionBasalGanglia_AnsaLenticularisL	od	NODDI	/scratch/grmpy/SLURM_11194840_134/job-11194840-134-sub-90077/ds/inputs/data/qsiprep/qsiprep/sub-90077/ses-1/dwi/sub-90077_ses-1_acq-multiband_dir-AP_space-ACPC_desc-preproc_dwi.nii.gz	0.0	0.33557883	0.15261851	0.31685925	0.33557883	0.31685925	0.15261851	0.312916	0.3129160106182098	sub-90077	ses-1		dir-AP	acq-multiband	space-ACPC			DSIStudio	autotrackgqi
ProjectionBasalGanglia_AnsaLenticularisL	rmse	NODDI	/scratch/grmpy/SLURM_11194840_134/job-11194840-134-sub-90077/ds/inputs/data/qsiprep/qsiprep/sub-90077/ses-1/dwi/sub-90077_ses-1_acq-multiband_dir-AP_space-ACPC_desc-preproc_dwi.nii.gz	0.0	0.058341563	0.01529499	0.055860456	0.058341563	0.055860456	0.01529499	0.05946698	0.0594669803977012	sub-90077	ses-1		dir-AP	acq-multiband	space-ACPC			DSIStudio	autotrackgqi
ProjectionBasalGanglia_AnsaLenticularisL	tf	NODDI	/scratch/grmpy/SLURM_11194840_134/job-11194840-134-sub-90077/ds/inputs/data/qsiprep/qsiprep/sub-90077/ses-1/dwi/sub-90077_ses-1_acq-multiband_dir-AP_space-ACPC_desc-preproc_dwi.nii.gz	0.0121173469387755	0.8010905	0.2407663	0.8736218	0.8109166	0.8766321	0.22519161	0.82136273	0.823127031326294	sub-90077	ses-1		dir-AP	acq-multiband	space-ACPC			DSIStudio	autotrackgqi
ProjectionBasalGanglia_FasciculusSubthalamicusL	directions	NODDI	/scratch/grmpy/SLURM_11194840_134/job-11194840-134-sub-90077/ds/inputs/data/qsiprep/qsiprep/sub-90077/ses-1/dwi/sub-90077_ses-1_acq-multiband_dir-AP_space-ACPC_desc-preproc_dwi.nii.gz	0.0	-0.0038492456	0.57733744	-0.027833141	-0.0038492456	-0.027833141	0.57733744	-0.015322149		sub-90077	ses-1		dir-AP	acq-multiband	space-ACPC			DSIStudio	autotrackgqi
ProjectionBasalGanglia_FasciculusSubthalamicusL	icvf	NODDI	/scratch/grmpy/SLURM_11194840_134/job-11194840-134-sub-90077/ds/inputs/data/qsiprep/qsiprep/sub-90077/ses-1/dwi/sub-90077_ses-1_acq-multiband_dir-AP_space-ACPC_desc-preproc_dwi.nii.gz	0.000801282051282	0.6678548	0.15331171	0.6520588	0.6683904	0.65234727	0.15220171	0.63217974	0.6322708129882812	sub-90077	ses-1		dir-AP	acq-multiband	space-ACPC			DSIStudio	autotrackgqi
ProjectionBasalGanglia_FasciculusSubthalamicusL	isovf	NODDI	/scratch/grmpy/SLURM_11194840_134/job-11194840-134-sub-90077/ds/inputs/data/qsiprep/qsiprep/sub-90077/ses-1/dwi/sub-90077_ses-1_acq-multiband_dir-AP_space-ACPC_desc-preproc_dwi.nii.gz	0.1538461538461538	0.15295677	0.14420183	0.13630357	0.18076709	0.15677734	0.13981321	0.14878926	0.1736499965190887	sub-90077	ses-1		dir-AP	acq-multiband	space-ACPC			DSIStudio	autotrackgqi
ProjectionBasalGanglia_FasciculusSubthalamicusL	modulated_icvf	NODDI	/scratch/grmpy/SLURM_11194840_134/job-11194840-134-sub-90077/ds/inputs/data/qsiprep/qsiprep/sub-90077/ses-1/dwi/sub-90077_ses-1_acq-multiband_dir-AP_space-ACPC_desc-preproc_dwi.nii.gz	0.000801282051282	0.55324405	0.116652876	0.54937005	0.5536877	0.54940265	0.11564236	0.5291689	0.529245138168335	sub-90077	ses-1		dir-AP	acq-multiband	space-ACPC			DSIStudio	autotrackgqi
ProjectionBasalGanglia_FasciculusSubthalamicusL	modulated_od	NODDI	/scratch/grmpy/SLURM_11194840_134/job-11194840-134-sub-90077/ds/inputs/data/qsiprep/qsiprep/sub-90077/ses-1/dwi/sub-90077_ses-1_acq-multiband_dir-AP_space-ACPC_desc-preproc_dwi.nii.gz	0.0	0.25278375	0.13652964	0.24113077	0.25278375	0.24113077	0.13652964	0.23097385	0.2309738546609878	sub-90077	ses-1		dir-AP	acq-multiband	space-ACPC			DSIStudio	autotrackgqi
ProjectionBasalGanglia_FasciculusSubthalamicusL	nrmse	NODDI	/scratch/grmpy/SLURM_11194840_134/job-11194840-134-sub-90077/ds/inputs/data/qsiprep/qsiprep/sub-90077/ses-1/dwi/sub-90077_ses-1_acq-multiband_dir-AP_space-ACPC_desc-preproc_dwi.nii.gz	0.0	0.12548806	0.036683876	0.11912734	0.12548806	0.11912734	0.036683876	0.126171	0.1261709928512573	sub-90077	ses-1		dir-AP	acq-multiband	space-ACPC			DSIStudio	autotrackgqi
ProjectionBasalGanglia_FasciculusSubthalamicusL	od	NODDI	/scratch/grmpy/SLURM_11194840_134/job-11194840-134-sub-90077/ds/inputs/data/qsiprep/qsiprep/sub-90077/ses-1/dwi/sub-90077_ses-1_acq-multiband_dir-AP_space-ACPC_desc-preproc_dwi.nii.gz	0.0	0.29592198	0.14566915	0.28771845	0.29592198	0.28771845	0.14566915	0.27026874	0.2702687382698059	sub-90077	ses-1		dir-AP	acq-multiband	space-ACPC			DSIStudio	autotrackgqi
ProjectionBasalGanglia_FasciculusSubthalamicusL	rmse	NODDI	/scratch/grmpy/SLURM_11194840_134/job-11194840-134-sub-90077/ds/inputs/data/qsiprep/qsiprep/sub-90077/ses-1/dwi/sub-90077_ses-1_acq-multiband_dir-AP_space-ACPC_desc-preproc_dwi.nii.gz	0.0	0.06554324	0.019082304	0.061563976	0.06554324	0.061563976	0.019082304	0.065639466	0.0656394660472869	sub-90077	ses-1		dir-AP	acq-multiband	space-ACPC			DSIStudio	autotrackgqi
ProjectionBasalGanglia_FasciculusSubthalamicusL	tf	NODDI	/scratch/grmpy/SLURM_11194840_134/job-11194840-134-sub-90077/ds/inputs/data/qsiprep/qsiprep/sub-90077/ses-1/dwi/sub-90077_ses-1_acq-multiband_dir-AP_space-ACPC_desc-preproc_dwi.nii.gz	0.000801282051282	0.8470433	0.14420183	0.86369646	0.84772253	0.86371356	0.14224984	0.8512107	0.8513333797454834	sub-90077	ses-1		dir-AP	acq-multiband	space-ACPC			DSIStudio	autotrackgqi
ProjectionBrainstem_CorticopontineTractR	directions	NODDI	/scratch/grmpy/SLURM_11194840_134/job-11194840-134-sub-90077/ds/inputs/data/qsiprep/qsiprep/sub-90077/ses-1/dwi/sub-90077_ses-1_acq-multiband_dir-AP_space-ACPC_desc-preproc_dwi.nii.gz	0.0	0.00045177573	0.5773501	-0.04567621	0.00045177573	-0.04567621	0.5773501	-0.049744		sub-90077	ses-1		dir-AP	acq-multiband	space-ACPC			DSIStudio	autotrackgqi
ProjectionBrainstem_CorticopontineTractR	icvf	NODDI	/scratch/grmpy/SLURM_11194840_134/job-11194840-134-sub-90077/ds/inputs/data/qsiprep/qsiprep/sub-90077/ses-1/dwi/sub-90077_ses-1_acq-multiband_dir-AP_space-ACPC_desc-preproc_dwi.nii.gz	0.0006762631629794	0.63092035	0.13456357	0.62185097	0.6313473	0.6218883	0.13360408	0.69748604	0.697561502456665	sub-90077	ses-1		dir-AP	acq-multiband	space-ACPC			DSIStudio	autotrackgqi
ProjectionBrainstem_CorticopontineTractR	isovf	NODDI	/scratch/grmpy/SLURM_11194840_134/job-11194840-134-sub-90077/ds/inputs/data/qsiprep/qsiprep/sub-90077/ses-1/dwi/sub-90077_ses-1_acq-multiband_dir-AP_space-ACPC_desc-preproc_dwi.nii.gz	0.125591730267607	0.131767	0.1159234	0.12204396	0.15069278	0.13483387	0.11187672	0.14144489	0.1495881974697113	sub-90077	ses-1		dir-AP	acq-multiband	space-ACPC			DSIStudio	autotrackgqi
ProjectionBrainstem_CorticopontineTractR	modulated_icvf	NODDI	/scratch/grmpy/SLURM_11194840_134/job-11194840-134-sub-90077/ds/inputs/data/qsiprep/qsiprep/sub-90077/ses-1/dwi/sub-90077_ses-1_acq-multiband_dir-AP_space-ACPC_desc-preproc_dwi.nii.gz	0.0006762631629794	0.53917986	0.099134885	0.54094523	0.53954476	0.5411091	0.09817082	0.59256345	0.5926276445388794	sub-90077	ses-1		dir-AP	acq-multiband	space-ACPC			DSIStudio	autotrackgqi
ProjectionBrainstem_CorticopontineTractR	modulated_od	NODDI	/scratch/grmpy/SLURM_11194840_134/job-11194840-134-sub-90077/ds/inputs/data/qsiprep/qsiprep/sub-90077/ses-1/dwi/sub-90077_ses-1_acq-multiband_dir-AP_space-ACPC_desc-preproc_dwi.nii.gz	0.0	0.21297926	0.13568623	0.20045775	0.21297926	0.20045775	0.13568623	0.16840783	0.1684078276157379	sub-90077	ses-1		dir-AP	acq-multiband	space-ACPC			DSIStudio	autotrackgqi
ProjectionBrainstem_CorticopontineTractR	nrmse	NODDI	/scratch/grmpy/SLURM_11194840_134/job-11194840-134-sub-90077/ds/inputs/data/qsiprep/qsiprep/sub-90077/ses-1/dwi/sub-90077_ses-1_acq-multiband_dir-AP_space-ACPC_desc-preproc_dwi.nii.gz	9.660902328277462e-05	0.10128931	0.02911269	0.09615603	0.1012991	0.09616117	0.029097065	0.108032495	0.1080326810479164	sub-90077	ses-1		dir-AP	acq-multiband	space-ACPC			DSIStudio	autotrackgqi
ProjectionBrainstem_CorticopontineTractR	od	NODDI	/scratch/grmpy/SLURM_11194840_134/job-11194840-134-sub-90077/ds/inputs/data/qsiprep/qsiprep/sub-90077/ses-1/dwi/sub-90077_ses-1_acq-multiband_dir-AP_space-ACPC_desc-preproc_dwi.nii.gz	0.0	0.24559754	0.14985397	0.23465107	0.24559754	0.23465107	0.14985397	0.19671647	0.1967164725065231	sub-90077	ses-1		dir-AP	acq-multiband	space-ACPC			DSIStudio	autotrackgqi
ProjectionBrainstem_CorticopontineTractR	rmse	NODDI	/scratch/grmpy/SLURM_11194840_134/job-11194840-134-sub-90077/ds/inputs/data/qsiprep/qsiprep/sub-90077/ses-1/dwi/sub-90077_ses-1_acq-multiband_dir-AP_space-ACPC_desc-preproc_dwi.nii.gz	9.660902328277462e-05	0.052982125	0.014466936	0.050548192	0.052987244	0.05054928	0.014458258	0.05823037	0.0582304745912551	sub-90077	ses-1		dir-AP	acq-multiband	space-ACPC			DSIStudio	autotrackgqi
ProjectionBrainstem_CorticopontineTractR	tf	NODDI	/scratch/grmpy/SLURM_11194840_134/job-11194840-134-sub-90077/ds/inputs/data/qsiprep/qsiprep/sub-90077/ses-1/dwi/sub-90077_ses-1_acq-multiband_dir-AP_space-ACPC_desc-preproc_dwi.nii.gz	0.0005796541396966	0.868233	0.115923405	0.87795603	0.8687366	0.87804145	0.11405509	0.8585551	0.8586466312408447	sub-90077	ses-1		dir-AP	acq-multiband	space-ACPC			DSIStudio	autotrackgqi
ProjectionBrainstem_NonDecussatingDentatorubrothalamicTractR	directions	NODDI	/scratch/grmpy/SLURM_11194840_134/job-11194840-134-sub-90077/ds/inputs/data/qsiprep/qsiprep/sub-90077/ses-1/dwi/sub-90077_ses-1_acq-multiband_dir-AP_space-ACPC_desc-preproc_dwi.nii.gz	0.0	-0.0047761793	0.57733047	-0.051358487	-0.0047761793	-0.051358487	0.57733047	-0.09073182		sub-90077	ses-1		dir-AP	acq-multiband	space-ACPC			DSIStudio	autotrackgqi
ProjectionBrainstem_NonDecussatingDentatorubrothalamicTractR	icvf	NODDI	/scratch/grmpy/SLURM_11194840_134/job-11194840-134-sub-90077/ds/inputs/data/qsiprep/qsiprep/sub-90077/ses-1/dwi/sub-90077_ses-1_acq-multiband_dir-AP_space-ACPC_desc-preproc_dwi.nii.gz	0.0096102509343299	0.64119047	0.14814357	0.6290158	0.64741224	0.63004625	0.13465293	0.68414897	0.693475604057312	sub-90077	ses-1		dir-AP	acq-multiband	space-ACPC			DSIStudio	autotrackgqi
ProjectionBrainstem_NonDecussatingDentatorubrothalamicTractR	isovf	NODDI	/scratch/grmpy/SLURM_11194840_134/job-11194840-134-sub-90077/ds/inputs/data/qsiprep/qsiprep/sub-90077/ses-1/dwi/sub-90077_ses-1_acq-multiband_dir-AP_space-ACPC_desc-preproc_dwi.nii.gz	0.1083822744260544	0.15467581	0.15997452	0.13037336	0.17347771	0.14037342	0.15950234	0.18813318	0.2104035913944244	sub-90077	ses-1		dir-AP	acq-multiband	space-ACPC			DSIStudio	autotrackgqi
ProjectionBrainstem_NonDecussatingDentatorubrothalamicTractR	modulated_icvf	NODDI	/scratch/grmpy/SLURM_11194840_134/job-11194840-134-sub-90077/ds/inputs/data/qsiprep/qsiprep/sub-90077/ses-1/dwi/sub-90077_ses-1_acq-multiband_dir-AP_space-ACPC_desc-preproc_dwi.nii.gz	0.0096102509343299	0.5373667	0.12137874	0.5443288	0.542581	0.54521257	0.10975682	0.54623365	0.5536800622940063	sub-90077	ses-1		dir-AP	acq-multiband	space-ACPC			DSIStudio	autotrackgqi
ProjectionBrainstem_NonDecussatingDentatorubrothalamicTractR	modulated_od	NODDI	/scratch/grmpy/SLURM_11194840_134/job-11194840-134-sub-90077/ds/inputs/data/qsiprep/qsiprep/sub-90077/ses-1/dwi/sub-90077_ses-1_acq-multiband_dir-AP_space-ACPC_desc-preproc_dwi.nii.gz	0.0001779676098949	0.21553794	0.13157733	0.21126758	0.2155763	0.21129265	0.1315576	0.17827949	0.1783730685710907	sub-90077	ses-1		dir-AP	acq-multiband	space-ACPC			DSIStudio	autotrackgqi
ProjectionBrainstem_NonDecussatingDentatorubrothalamicTractR	nrmse	NODDI	/scratch/grmpy/SLURM_11194840_134/job-11194840-134-sub-90077/ds/inputs/data/qsiprep/qsiprep/sub-90077/ses-1/dwi/sub-90077_ses-1_acq-multiband_dir-AP_space-ACPC_desc-preproc_dwi.nii.gz	0.0	0.10477239	0.029880159	0.09863114	0.10477239	0.09863114	0.029880159	0.11175981	0.1117598116397857	sub-90077	ses-1		dir-AP	acq-multiband	space-ACPC			DSIStudio	autotrackgqi
ProjectionBrainstem_NonDecussatingDentatorubrothalamicTractR	od	NODDI	/scratch/grmpy/SLURM_11194840_134/job-11194840-134-sub-90077/ds/inputs/data/qsiprep/qsiprep/sub-90077/ses-1/dwi/sub-90077_ses-1_acq-multiband_dir-AP_space-ACPC_desc-preproc_dwi.nii.gz	0.0	0.2632	0.16336456	0.24933468	0.2632	0.24933468	0.16336456	0.22864932	0.2286493182182312	sub-90077	ses-1		dir-AP	acq-multiband	space-ACPC			DSIStudio	autotrackgqi
ProjectionBrainstem_NonDecussatingDentatorubrothalamicTractR	rmse	NODDI	/scratch/grmpy/SLURM_11194840_134/job-11194840-134-sub-90077/ds/inputs/data/qsiprep/qsiprep/sub-90077/ses-1/dwi/sub-90077_ses-1_acq-multiband_dir-AP_space-ACPC_desc-preproc_dwi.nii.gz	0.0	0.054304834	0.01482348	0.051628724	0.054304834	0.051628724	0.01482348	0.057621934	0.0576219335198402	sub-90077	ses-1		dir-AP	acq-multiband	space-ACPC			DSIStudio	autotrackgqi
ProjectionBrainstem_NonDecussatingDentatorubrothalamicTractR	tf	NODDI	/scratch/grmpy/SLURM_11194840_134/job-11194840-134-sub-90077/ds/inputs/data/qsiprep/qsiprep/sub-90077/ses-1/dwi/sub-90077_ses-1_acq-multiband_dir-AP_space-ACPC_desc-preproc_dwi.nii.gz	0.0096102509343299	0.8453243	0.15997452	0.86962664	0.85352683	0.87067044	0.13725534	0.81186676	0.8229345083236694	sub-90077	ses-1		dir-AP	acq-multiband	space-ACPC			DSIStudio	autotrackgqi
ProjectionBrainstem_MedialLemniscusL	directions	NODDI	/scratch/grmpy/SLURM_11194840_134/job-11194840-134-sub-90077/ds/inputs/data/qsiprep/qsiprep/sub-90077/ses-1/dwi/sub-90077_ses-1_acq-multiband_dir-AP_space-ACPC_desc-preproc_dwi.nii.gz	0.0	0.1156546	0.5656477	0.058533568	0.1156546	0.058533568	0.5656477	0.40696633		sub-90077	ses-1		dir-AP	acq-multiband	space-ACPC			DSIStudio	autotrackgqi
ProjectionBrainstem_MedialLemniscusL	icvf	NODDI	/scratch/grmpy/SLURM_11194840_134/job-11194840-134-sub-90077/ds/inputs/data/qsiprep/qsiprep/sub-90077/ses-1/dwi/sub-90077_ses-1_acq-multiband_dir-AP_space-ACPC_desc-preproc_dwi.nii.gz	0.0042105263157894	0.62850523	0.14240439	0.61835074	0.63116276	0.61873907	0.13670196	0.6947919	0.7003483772277832	sub-90077	ses-1		dir-AP	acq-multiband	space-ACPC			DSIStudio	autotrackgqi
ProjectionBrainstem_MedialLemniscusL	isovf	NODDI	/scratch/grmpy/SLURM_11194840_134/job-11194840-134-sub-90077/ds/inputs/data/qsiprep/qsiprep/sub-90077/ses-1/dwi/sub-90077_ses-1_acq-multiband_dir-AP_space-ACPC_desc-preproc_dwi.nii.gz	0.1713684210526316	0.1380022	0.1679331	0.10958877	0.16654229	0.12975538	0.17111611	0.19452941	0.2108043730258941	sub-90077	ses-1		dir-AP	acq-multiband	space-ACPC			DSIStudio	autotrackgqi
ProjectionBrainstem_MedialLemniscusL	modulated_icvf	NODDI	/scratch/grmpy/SLURM_11194840_134/job-11194840-134-sub-90077/ds/inputs/data/qsiprep/qsiprep/sub-90077/ses-1/dwi/sub-90077_ses-1_acq-multiband_dir-AP_space-ACPC_desc-preproc_dwi.nii.gz	0.0042105263157894	0.5295322	0.11400659	0.53638625	0.5317712	0.5369597	0.10891191	0.5436924	0.548040509223938	sub-90077	ses-1		dir-AP	acq-multiband	space-ACPC			DSIStudio	autotrackgqi
ProjectionBrainstem_MedialLemniscusL	modulated_od	NODDI	/scratch/grmpy/SLURM_11194840_134/job-11194840-134-sub-90077/ds/inputs/data/qsiprep/qsiprep/sub-90077/ses-1/dwi/sub-90077_ses-1_acq-multiband_dir-AP_space-ACPC_desc-preproc_dwi.nii.gz	0.0	0.22719212	0.15020934	0.20416582	0.22719212	0.20416582	0.15020934	0.1657044	0.1657043993473053	sub-90077	ses-1		dir-AP	acq-multiband	space-ACPC			DSIStudio	autotrackgqi
ProjectionBrainstem_MedialLemniscusL	nrmse	NODDI	/scratch/grmpy/SLURM_11194840_134/job-11194840-134-sub-90077/ds/inputs/data/qsiprep/qsiprep/sub-90077/ses-1/dwi/sub-90077_ses-1_acq-multiband_dir-AP_space-ACPC_desc-preproc_dwi.nii.gz	0.0	0.10658301	0.04740314	0.09845986	0.10658301	0.09845986	0.04740314	0.1191929	0.119192898273468	sub-90077	ses-1		dir-AP	acq-multiband	space-ACPC			DSIStudio	autotrackgqi
ProjectionBrainstem_MedialLemniscusL	od	NODDI	/scratch/grmpy/SLURM_11194840_134/job-11194840-134-sub-90077/ds/inputs/data/qsiprep/qsiprep/sub-90077/ses-1/dwi/sub-90077_ses-1_acq-multiband_dir-AP_space-ACPC_desc-preproc_dwi.nii.gz	0.0	0.26684964	0.16330205	0.24591699	0.26684964	0.24591699	0.16330205	0.21869227	0.218692272901535	sub-90077	ses-1		dir-AP	acq-multiband	space-ACPC			DSIStudio	autotrackgqi
ProjectionBrainstem_MedialLemniscusL	rmse	NODDI	/scratch/grmpy/SLURM_11194840_134/job-11194840-134-sub-90077/ds/inputs/data/qsiprep/qsiprep/sub-90077/ses-1/dwi/sub-90077_ses-1_acq-multiband_dir-AP_space-ACPC_desc-preproc_dwi.nii.gz	0.0	0.054342028	0.016615408	0.051900677	0.054342028	0.051900677	0.016615408	0.059192054	0.0591920539736747	sub-90077	ses-1		dir-AP	acq-multiband	space-ACPC			DSIStudio	autotrackgqi
ProjectionBrainstem_MedialLemniscusL	tf	NODDI	/scratch/grmpy/SLURM_11194840_134/job-11194840-134-sub-90077/ds/inputs/data/qsiprep/qsiprep/sub-90077/ses-1/dwi/sub-90077_ses-1_acq-multiband_dir-AP_space-ACPC_desc-preproc_dwi.nii.gz	0.0042105263157894	0.86199784	0.16793312	0.89041126	0.86564267	0.89079833	0.15863691	0.8054706	0.8119121789932251	sub-90077	ses-1		dir-AP	acq-multiband	space-ACPC			DSIStudio	autotrackgqi
ProjectionBrainstem_ReticularTractR	directions	NODDI	/scratch/grmpy/SLURM_11194840_134/job-11194840-134-sub-90077/ds/inputs/data/qsiprep/qsiprep/sub-90077/ses-1/dwi/sub-90077_ses-1_acq-multiband_dir-AP_space-ACPC_desc-preproc_dwi.nii.gz	0.0	0.008250102	0.5772913	-0.060778398	0.008250102	-0.060778398	0.5772913	0.052459337		sub-90077	ses-1		dir-AP	acq-multiband	space-ACPC			DSIStudio	autotrackgqi
ProjectionBrainstem_ReticularTractR	icvf	NODDI	/scratch/grmpy/SLURM_11194840_134/job-11194840-134-sub-90077/ds/inputs/data/qsiprep/qsiprep/sub-90077/ses-1/dwi/sub-90077_ses-1_acq-multiband_dir-AP_space-ACPC_desc-preproc_dwi.nii.gz	0.0223169508525576	0.6167248	0.16836701	0.5976183	0.6308024	0.6016906	0.14182505	0.68435764	0.6964795589447021	sub-90077	ses-1		dir-AP	acq-multiband	space-ACPC			DSIStudio	autotrackgqi
ProjectionBrainstem_ReticularTractR	isovf	NODDI	/scratch/grmpy/SLURM_11194840_134/job-11194840-134-sub-90077/ds/inputs/data/qsiprep/qsiprep/sub-90077/ses-1/dwi/sub-90077_ses-1_acq-multiband_dir-AP_space-ACPC_desc-preproc_dwi.nii.gz	0.1010531594784353	0.179168	0.18539639	0.1451802	0.19930878	0.15479079	0.1849903	0.20199034	0.2187196016311645	sub-90077	ses-1		dir-AP	acq-multiband	space-ACPC			DSIStudio	autotrackgqi
ProjectionBrainstem_ReticularTractR	modulated_icvf	NODDI	/scratch/grmpy/SLURM_11194840_134/job-11194840-134-sub-90077/ds/inputs/data/qsiprep/qsiprep/sub-90077/ses-1/dwi/sub-90077_ses-1_acq-multiband_dir-AP_space-ACPC_desc-preproc_dwi.nii.gz	0.0223169508525576	0.49832037	0.12786125	0.4994302	0.50969523	0.50147647	0.10451782	0.5386343	0.5481750965118408	sub-90077	ses-1		dir-AP	acq-multiband	space-ACPC			DSIStudio	autotrackgqi
ProjectionBrainstem_ReticularTractR	modulated_od	NODDI	/scratch/grmpy/SLURM_11194840_134/job-11194840-134-sub-90077/ds/inputs/data/qsiprep/qsiprep/sub-90077/ses-1/dwi/sub-90077_ses-1_acq-multiband_dir-AP_space-ACPC_desc-preproc_dwi.nii.gz	0.0002507522567703	0.19983491	0.13784467	0.19238625	0.19988504	0.19241403	0.13782562	0.16300876	0.1630454361438751	sub-90077	ses-1		dir-AP	acq-multiband	space-ACPC			DSIStudio	autotrackgqi
ProjectionBrainstem_ReticularTractR	nrmse	NODDI	/scratch/grmpy/SLURM_11194840_134/job-11194840-134-sub-90077/ds/inputs/data/qsiprep/qsiprep/sub-90077/ses-1/dwi/sub-90077_ses-1_acq-multiband_dir-AP_space-ACPC_desc-preproc_dwi.nii.gz	0.0067703109327983	0.10700082	0.036403872	0.09929167	0.10773019	0.09950267	0.035435867	0.12018627	0.1204151660203933	sub-90077	ses-1		dir-AP	acq-multiband	space-ACPC			DSIStudio	autotrackgqi
ProjectionBrainstem_ReticularTractR	od	NODDI	/scratch/grmpy/SLURM_11194840_134/job-11194840-134-sub-90077/ds/inputs/data/qsiprep/qsiprep/sub-90077/ses-1/dwi/sub-90077_ses-1_acq-multiband_dir-AP_space-ACPC_desc-preproc_dwi.nii.gz	0.0	0.25606254	0.17460534	0.24006966	0.25606254	0.24006966	0.17460534	0.22062078	0.2206207811832428	sub-90077	ses-1		dir-AP	acq-multiband	space-ACPC			DSIStudio	autotrackgqi
ProjectionBrainstem_ReticularTractR	rmse	NODDI	/scratch/grmpy/SLURM_11194840_134/job-11194840-134-sub-90077/ds/inputs/data/qsiprep/qsiprep/sub-90077/ses-1/dwi/sub-90077_ses-1_acq-multiband_dir-AP_space-ACPC_desc-preproc_dwi.nii.gz	0.0067703109327983	0.053713456	0.016262794	0.050661657	0.054079592	0.050797757	0.015699707	0.061296903	0.0614136382937431	sub-90077	ses-1		dir-AP	acq-multiband	space-ACPC			DSIStudio	autotrackgqi
ProjectionBrainstem_ReticularTractR	tf	NODDI	/scratch/grmpy/SLURM_11194840_134/job-11194840-134-sub-90077/ds/inputs/data/qsiprep/qsiprep/sub-90077/ses-1/dwi/sub-90077_ses-1_acq-multiband_dir-AP_space-ACPC_desc-preproc_dwi.nii.gz	0.0155466399197592	0.820832	0.18539637	0.8548198	0.8337947	0.8562224	0.15526232	0.79800963	0.8105766773223877	sub-90077	ses-1		dir-AP	acq-multiband	space-ACPC			DSIStudio	autotrackgqi
ProjectionBasalGanglia_AnsaLenticularisR	directions	NODDI	/scratch/grmpy/SLURM_11194840_134/job-11194840-134-sub-90077/ds/inputs/data/qsiprep/qsiprep/sub-90077/ses-1/dwi/sub-90077_ses-1_acq-multiband_dir-AP_space-ACPC_desc-preproc_dwi.nii.gz	0.0	0.015434276	0.57714397	-0.009850108	0.015434276	-0.009850108	0.57714397	0.20597115		sub-90077	ses-1		dir-AP	acq-multiband	space-ACPC			DSIStudio	autotrackgqi
ProjectionBasalGanglia_AnsaLenticularisR	icvf	NODDI	/scratch/grmpy/SLURM_11194840_134/job-11194840-134-sub-90077/ds/inputs/data/qsiprep/qsiprep/sub-90077/ses-1/dwi/sub-90077_ses-1_acq-multiband_dir-AP_space-ACPC_desc-preproc_dwi.nii.gz	0.0198388096714197	0.6029279	0.20225647	0.54857606	0.61513144	0.5520908	0.18501058	0.60363626	0.6097508668899536	sub-90077	ses-1		dir-AP	acq-multiband	space-ACPC			DSIStudio	autotrackgqi
ProjectionBasalGanglia_AnsaLenticularisR	isovf	NODDI	/scratch/grmpy/SLURM_11194840_134/job-11194840-134-sub-90077/ds/inputs/data/qsiprep/qsiprep/sub-90077/ses-1/dwi/sub-90077_ses-1_acq-multiband_dir-AP_space-ACPC_desc-preproc_dwi.nii.gz	0.2411655300681959	0.24043123	0.27603742	0.14163308	0.3168428	0.22003384	0.27604765	0.21062654	0.2740838825702667	sub-90077	ses-1		dir-AP	acq-multiband	space-ACPC			DSIStudio	autotrackgqi
ProjectionBasalGanglia_AnsaLenticularisR	modulated_icvf	NODDI	/scratch/grmpy/SLURM_11194840_134/job-11194840-134-sub-90077/ds/inputs/data/qsiprep/qsiprep/sub-90077/ses-1/dwi/sub-90077_ses-1_acq-multiband_dir-AP_space-ACPC_desc-preproc_dwi.nii.gz	0.0198388096714197	0.42812926	0.13507459	0.4602032	0.43679476	0.46239534	0.121776	0.44906792	0.4536167681217193	sub-90077	ses-1		dir-AP	acq-multiband	space-ACPC			DSIStudio	autotrackgqi
ProjectionBasalGanglia_AnsaLenticularisR	modulated_od	NODDI	/scratch/grmpy/SLURM_11194840_134/job-11194840-134-sub-90077/ds/inputs/data/qsiprep/qsiprep/sub-90077/ses-1/dwi/sub-90077_ses-1_acq-multiband_dir-AP_space-ACPC_desc-preproc_dwi.nii.gz	0.0	0.24600396	0.1443161	0.25304043	0.24600396	0.25304043	0.1443161	0.24188882	0.2418888211250305	sub-90077	ses-1		dir-AP	acq-multiband	space-ACPC			DSIStudio	autotrackgqi
ProjectionBasalGanglia_AnsaLenticularisR	nrmse	NODDI	/scratch/grmpy/SLURM_11194840_134/job-11194840-134-sub-90077/ds/inputs/data/qsiprep/qsiprep/sub-90077/ses-1/dwi/sub-90077_ses-1_acq-multiband_dir-AP_space-ACPC_desc-preproc_dwi.nii.gz	0.0	0.12001984	0.05169253	0.10613174	0.12001984	0.10613174	0.05169253	0.11658092	0.116580918431282	sub-90077	ses-1		dir-AP	acq-multiband	space-ACPC			DSIStudio	autotrackgqi
ProjectionBasalGanglia_AnsaLenticularisR	od	NODDI	/scratch/grmpy/SLURM_11194840_134/job-11194840-134-sub-90077/ds/inputs/data/qsiprep/qsiprep/sub-90077/ses-1/dwi/sub-90077_ses-1_acq-multiband_dir-AP_space-ACPC_desc-preproc_dwi.nii.gz	0.0	0.33258474	0.16305253	0.31623295	0.33258474	0.31623295	0.16305253	0.3130201	0.31302011013031	sub-90077	ses-1		dir-AP	acq-multiband	space-ACPC			DSIStudio	autotrackgqi
ProjectionBasalGanglia_AnsaLenticularisR	rmse	NODDI	/scratch/grmpy/SLURM_11194840_134/job-11194840-134-sub-90077/ds/inputs/data/qsiprep/qsiprep/sub-90077/ses-1/dwi/sub-90077_ses-1_acq-multiband_dir-AP_space-ACPC_desc-preproc_dwi.nii.gz	0.0	0.055033766	0.015154125	0.052009854	0.055033766	0.052009854	0.015154125	0.055230923	0.0552309229969978	sub-90077	ses-1		dir-AP	acq-multiband	space-ACPC			DSIStudio	autotrackgqi
ProjectionBasalGanglia_AnsaLenticularisR	tf	NODDI	/scratch/grmpy/SLURM_11194840_134/job-11194840-134-sub-90077/ds/inputs/data/qsiprep/qsiprep/sub-90077/ses-1/dwi/sub-90077_ses-1_acq-multiband_dir-AP_space-ACPC_desc-preproc_dwi.nii.gz	0.0198388096714197	0.7595687	0.27603742	0.8583669	0.77494264	0.8634901	0.2565638	0.78937346	0.7973694801330566	sub-90077	ses-1		dir-AP	acq-multiband	space-ACPC			DSIStudio	autotrackgqi
ProjectionBrainstem_CorticobulbarTractR	directions	NODDI	/scratch/grmpy/SLURM_11194840_134/job-11194840-134-sub-90077/ds/inputs/data/qsiprep/qsiprep/sub-90077/ses-1/dwi/sub-90077_ses-1_acq-multiband_dir-AP_space-ACPC_desc-preproc_dwi.nii.gz	0.0	-0.06765545	0.57337254	-0.05594995	-0.06765545	-0.05594995	0.57337254	-0.28016433		sub-90077	ses-1		dir-AP	acq-multiband	space-ACPC			DSIStudio	autotrackgqi
ProjectionBrainstem_CorticobulbarTractR	icvf	NODDI	/scratch/grmpy/SLURM_11194840_134/job-11194840-134-sub-90077/ds/inputs/data/qsiprep/qsiprep/sub-90077/ses-1/dwi/sub-90077_ses-1_acq-multiband_dir-AP_space-ACPC_desc-preproc_dwi.nii.gz	0.0047619047619047	0.65366286	0.14854868	0.6919154	0.65679044	0.6922674	0.1418384	0.6944108	0.6965615749359131	sub-90077	ses-1		dir-AP	acq-multiband	space-ACPC			DSIStudio	autotrackgqi
ProjectionBrainstem_CorticobulbarTractR	isovf	NODDI	/scratch/grmpy/SLURM_11194840_134/job-11194840-134-sub-90077/ds/inputs/data/qsiprep/qsiprep/sub-90077/ses-1/dwi/sub-90077_ses-1_acq-multiband_dir-AP_space-ACPC_desc-preproc_dwi.nii.gz	0.1095238095238095	0.14836568	0.12745893	0.13922656	0.16661388	0.15183781	0.123302564	0.1442616	0.1523774117231369	sub-90077	ses-1		dir-AP	acq-multiband	space-ACPC			DSIStudio	autotrackgqi
ProjectionBrainstem_CorticobulbarTractR	modulated_icvf	NODDI	/scratch/grmpy/SLURM_11194840_134/job-11194840-134-sub-90077/ds/inputs/data/qsiprep/qsiprep/sub-90077/ses-1/dwi/sub-90077_ses-1_acq-multiband_dir-AP_space-ACPC_desc-preproc_dwi.nii.gz	0.0047619047619047	0.55183583	0.1183223	0.5856159	0.5544762	0.5863015	0.11226369	0.59033805	0.5921664237976074	sub-90077	ses-1		dir-AP	acq-multiband	space-ACPC			DSIStudio	autotrackgqi
ProjectionBrainstem_CorticobulbarTractR	modulated_od	NODDI	/scratch/grmpy/SLURM_11194840_134/job-11194840-134-sub-90077/ds/inputs/data/qsiprep/qsiprep/sub-90077/ses-1/dwi/sub-90077_ses-1_acq-multiband_dir-AP_space-ACPC_desc-preproc_dwi.nii.gz	0.0	0.20573749	0.1428266	0.17566583	0.20573749	0.17566583	0.1428266	0.18140967	0.1814096719026565	sub-90077	ses-1		dir-AP	acq-multiband	space-ACPC			DSIStudio	autotrackgqi
ProjectionBrainstem_CorticobulbarTractR	nrmse	NODDI	/scratch/grmpy/SLURM_11194840_134/job-11194840-134-sub-90077/ds/inputs/data/qsiprep/qsiprep/sub-90077/ses-1/dwi/sub-90077_ses-1_acq-multiband_dir-AP_space-ACPC_desc-preproc_dwi.nii.gz	0.0	0.10053597	0.028786926	0.09547429	0.10053597	0.09547429	0.028786926	0.108094044	0.1080940440297126	sub-90077	ses-1		dir-AP	acq-multiband	space-ACPC			DSIStudio	autotrackgqi
ProjectionBrainstem_CorticobulbarTractR	od	NODDI	/scratch/grmpy/SLURM_11194840_134/job-11194840-134-sub-90077/ds/inputs/data/qsiprep/qsiprep/sub-90077/ses-1/dwi/sub-90077_ses-1_acq-multiband_dir-AP_space-ACPC_desc-preproc_dwi.nii.gz	0.0	0.24800436	0.17267132	0.22081348	0.24800436	0.22081348	0.17267132	0.2177999	0.2177999019622802	sub-90077	ses-1		dir-AP	acq-multiband	space-ACPC			DSIStudio	autotrackgqi
ProjectionBrainstem_CorticobulbarTractR	rmse	NODDI	/scratch/grmpy/SLURM_11194840_134/job-11194840-134-sub-90077/ds/inputs/data/qsiprep/qsiprep/sub-90077/ses-1/dwi/sub-90077_ses-1_acq-multiband_dir-AP_space-ACPC_desc-preproc_dwi.nii.gz	0.0	0.05312358	0.016642956	0.04988427	0.05312358	0.04988427	0.016642956	0.058314018	0.0583140179514884	sub-90077	ses-1		dir-AP	acq-multiband	space-ACPC			DSIStudio	autotrackgqi
ProjectionBrainstem_CorticobulbarTractR	tf	NODDI	/scratch/grmpy/SLURM_11194840_134/job-11194840-134-sub-90077/ds/inputs/data/qsiprep/qsiprep/sub-90077/ses-1/dwi/sub-90077_ses-1_acq-multiband_dir-AP_space-ACPC_desc-preproc_dwi.nii.gz	0.0047619047619047	0.85163426	0.12745893	0.86077344	0.8557091	0.8610921	0.11329899	0.8557384	0.8583888411521912	sub-90077	ses-1		dir-AP	acq-multiband	space-ACPC			DSIStudio	autotrackgqi
Commissure_CorpusCallosum	directions	NODDI	/scratch/grmpy/SLURM_11194840_134/job-11194840-134-sub-90077/ds/inputs/data/qsiprep/qsiprep/sub-90077/ses-1/dwi/sub-90077_ses-1_acq-multiband_dir-AP_space-ACPC_desc-preproc_dwi.nii.gz	12.0	-0.037535787	0.57604235	-0.06929834	-0.037547	-0.06959335	0.57612807	-0.24058175		sub-90077	ses-1		dir-AP	acq-multiband	space-ACPC			DSIStudio	autotrackgqi
Commissure_CorpusCallosum	icvf	NODDI	/scratch/grmpy/SLURM_11194840_134/job-11194840-134-sub-90077/ds/inputs/data/qsiprep/qsiprep/sub-90077/ses-1/dwi/sub-90077_ses-1_acq-multiband_dir-AP_space-ACPC_desc-preproc_dwi.nii.gz	0.0058732765915086	0.55105025	0.13892879	0.5455493	0.55430585	0.54665464	0.13270509	0.6131714	0.615909218788147	sub-90077	ses-1		dir-AP	acq-multiband	space-ACPC			DSIStudio	autotrackgqi
Commissure_CorpusCallosum	isovf	NODDI	/scratch/grmpy/SLURM_11194840_134/job-11194840-134-sub-90077/ds/inputs/data/qsiprep/qsiprep/sub-90077/ses-1/dwi/sub-90077_ses-1_acq-multiband_dir-AP_space-ACPC_desc-preproc_dwi.nii.gz	0.2221641531033796	0.13495001	0.16683002	0.10441184	0.1734942	0.13246654	0.17057098	0.15976125	0.1732075363397598	sub-90077	ses-1		dir-AP	acq-multiband	space-ACPC			DSIStudio	autotrackgqi
Commissure_CorpusCallosum	modulated_icvf	NODDI	/scratch/grmpy/SLURM_11194840_134/job-11194840-134-sub-90077/ds/inputs/data/qsiprep/qsiprep/sub-90077/ses-1/dwi/sub-90077_ses-1_acq-multiband_dir-AP_space-ACPC_desc-preproc_dwi.nii.gz	0.0058732765915086	0.46846983	0.11149832	0.47924328	0.47123754	0.47991958	0.10583512	0.5060011	0.5082603693008423	sub-90077	ses-1		dir-AP	acq-multiband	space-ACPC			DSIStudio	autotrackgqi
Commissure_CorpusCallosum	modulated_od	NODDI	/scratch/grmpy/SLURM_11194840_134/job-11194840-134-sub-90077/ds/inputs/data/qsiprep/qsiprep/sub-90077/ses-1/dwi/sub-90077_ses-1_acq-multiband_dir-AP_space-ACPC_desc-preproc_dwi.nii.gz	0.0012194514956945	0.24736123	0.1794239	0.21745816	0.24766324	0.2176204	0.17932497	0.14003424	0.1400946378707885	sub-90077	ses-1		dir-AP	acq-multiband	space-ACPC			DSIStudio	autotrackgqi
Commissure_CorpusCallosum	nrmse	NODDI	/scratch/grmpy/SLURM_11194840_134/job-11194840-134-sub-90077/ds/inputs/data/qsiprep/qsiprep/sub-90077/ses-1/dwi/sub-90077_ses-1_acq-multiband_dir-AP_space-ACPC_desc-preproc_dwi.nii.gz	0.000298641182619	0.09564487	0.026630063	0.09192313	0.09567344	0.09193073	0.026582671	0.099554285	0.0995555967092514	sub-90077	ses-1		dir-AP	acq-multiband	space-ACPC			DSIStudio	autotrackgqi
Commissure_CorpusCallosum	od	NODDI	/scratch/grmpy/SLURM_11194840_134/job-11194840-134-sub-90077/ds/inputs/data/qsiprep/qsiprep/sub-90077/ses-1/dwi/sub-90077_ses-1_acq-multiband_dir-AP_space-ACPC_desc-preproc_dwi.nii.gz	0.000298641182619	0.2874685	0.19858618	0.25806504	0.28755435	0.25811505	0.19855367	0.16764337	0.1676455587148666	sub-90077	ses-1		dir-AP	acq-multiband	space-ACPC			DSIStudio	autotrackgqi
Commissure_CorpusCallosum	rmse	NODDI	/scratch/grmpy/SLURM_11194840_134/job-11194840-134-sub-90077/ds/inputs/data/qsiprep/qsiprep/sub-90077/ses-1/dwi/sub-90077_ses-1_acq-multiband_dir-AP_space-ACPC_desc-preproc_dwi.nii.gz	0.000298641182619	0.048273914	0.01370721	0.04666871	0.048288334	0.046674646	0.013683836	0.05108569	0.0510863587260246	sub-90077	ses-1		dir-AP	acq-multiband	space-ACPC			DSIStudio	autotrackgqi
Commissure_CorpusCallosum	tf	NODDI	/scratch/grmpy/SLURM_11194840_134/job-11194840-134-sub-90077/ds/inputs/data/qsiprep/qsiprep/sub-90077/ses-1/dwi/sub-90077_ses-1_acq-multiband_dir-AP_space-ACPC_desc-preproc_dwi.nii.gz	0.0058732765915086	0.8647514	0.16748196	0.89549685	0.86986035	0.8962834	0.15418129	0.8402258	0.8439772725105286	sub-90077	ses-1		dir-AP	acq-multiband	space-ACPC			DSIStudio	autotrackgqi
Commissure_AnteriorCommissure	directions	NODDI	/scratch/grmpy/SLURM_11194840_134/job-11194840-134-sub-90077/ds/inputs/data/qsiprep/qsiprep/sub-90077/ses-1/dwi/sub-90077_ses-1_acq-multiband_dir-AP_space-ACPC_desc-preproc_dwi.nii.gz	27.0	-0.017902656	0.57384527	-0.012733475	-0.018104397	-0.023790272	0.57706636	-0.2063933		sub-90077	ses-1		dir-AP	acq-multiband	space-ACPC			DSIStudio	autotrackgqi
Commissure_AnteriorCommissure	icvf	NODDI	/scratch/grmpy/SLURM_11194840_134/job-11194840-134-sub-90077/ds/inputs/data/qsiprep/qsiprep/sub-90077/ses-1/dwi/sub-90077_ses-1_acq-multiband_dir-AP_space-ACPC_desc-preproc_dwi.nii.gz	0.0111432108955839	0.49670672	0.14111081	0.46689245	0.502304	0.46846253	0.13162489	0.5335778	0.5338308811187744	sub-90077	ses-1		dir-AP	acq-multiband	space-ACPC			DSIStudio	autotrackgqi
Commissure_AnteriorCommissure	isovf	NODDI	/scratch/grmpy/SLURM_11194840_134/job-11194840-134-sub-90077/ds/inputs/data/qsiprep/qsiprep/sub-90077/ses-1/dwi/sub-90077_ses-1_acq-multiband_dir-AP_space-ACPC_desc-preproc_dwi.nii.gz	0.3384234420140322	0.11607739	0.14675368	0.072746195	0.17545572	0.13795988	0.1487792	0.1223533	0.1688116490840912	sub-90077	ses-1		dir-AP	acq-multiband	space-ACPC			DSIStudio	autotrackgqi
Commissure_AnteriorCommissure	modulated_icvf	NODDI	/scratch/grmpy/SLURM_11194840_134/job-11194840-134-sub-90077/ds/inputs/data/qsiprep/qsiprep/sub-90077/ses-1/dwi/sub-90077_ses-1_acq-multiband_dir-AP_space-ACPC_desc-preproc_dwi.nii.gz	0.0111432108955839	0.42455295	0.089459576	0.4262594	0.42933714	0.42734718	0.07771209	0.4528367	0.4530514478683471	sub-90077	ses-1		dir-AP	acq-multiband	space-ACPC			DSIStudio	autotrackgqi
Commissure_AnteriorCommissure	modulated_od	NODDI	/scratch/grmpy/SLURM_11194840_134/job-11194840-134-sub-90077/ds/inputs/data/qsiprep/qsiprep/sub-90077/ses-1/dwi/sub-90077_ses-1_acq-multiband_dir-AP_space-ACPC_desc-preproc_dwi.nii.gz	0.0111432108955839	0.2885038	0.17488877	0.27001652	0.29175487	0.27240658	0.17315377	0.227564	0.2276719212532043	sub-90077	ses-1		dir-AP	acq-multiband	space-ACPC			DSIStudio	autotrackgqi
Commissure_AnteriorCommissure	nrmse	NODDI	/scratch/grmpy/SLURM_11194840_134/job-11194840-134-sub-90077/ds/inputs/data/qsiprep/qsiprep/sub-90077/ses-1/dwi/sub-90077_ses-1_acq-multiband_dir-AP_space-ACPC_desc-preproc_dwi.nii.gz	0.0111432108955839	0.10939833	0.037210204	0.10436377	0.11063111	0.104649216	0.03555021	0.11200755	0.1120606660842895	sub-90077	ses-1		dir-AP	acq-multiband	space-ACPC			DSIStudio	autotrackgqi
Commissure_AnteriorCommissure	od	NODDI	/scratch/grmpy/SLURM_11194840_134/job-11194840-134-sub-90077/ds/inputs/data/qsiprep/qsiprep/sub-90077/ses-1/dwi/sub-90077_ses-1_acq-multiband_dir-AP_space-ACPC_desc-preproc_dwi.nii.gz	0.0111432108955839	0.32553628	0.18432862	0.3101928	0.32920468	0.31213418	0.18207765	0.26113635	0.2612602114677429	sub-90077	ses-1		dir-AP	acq-multiband	space-ACPC			DSIStudio	autotrackgqi
Commissure_AnteriorCommissure	rmse	NODDI	/scratch/grmpy/SLURM_11194840_134/job-11194840-134-sub-90077/ds/inputs/data/qsiprep/qsiprep/sub-90077/ses-1/dwi/sub-90077_ses-1_acq-multiband_dir-AP_space-ACPC_desc-preproc_dwi.nii.gz	0.0111432108955839	0.054640565	0.029047752	0.05147236	0.055256296	0.051629014	0.028622668	0.05660709	0.0566339381039142	sub-90077	ses-1		dir-AP	acq-multiband	space-ACPC			DSIStudio	autotrackgqi
Commissure_AnteriorCommissure	tf	NODDI	/scratch/grmpy/SLURM_11194840_134/job-11194840-134-sub-90077/ds/inputs/data/qsiprep/qsiprep/sub-90077/ses-1/dwi/sub-90077_ses-1_acq-multiband_dir-AP_space-ACPC_desc-preproc_dwi.nii.gz	0.0111432108955839	0.8727795	0.1731148	0.92198884	0.8826146	0.9245056	0.14705709	0.8771726	0.8775885701179504	sub-90077	ses-1		dir-AP	acq-multiband	space-ACPC			DSIStudio	autotrackgqi
Cerebellum_Vermis	directions	NODDI	/scratch/grmpy/SLURM_11194840_134/job-11194840-134-sub-90077/ds/inputs/data/qsiprep/qsiprep/sub-90077/ses-1/dwi/sub-90077_ses-1_acq-multiband_dir-AP_space-ACPC_desc-preproc_dwi.nii.gz	1.0	-0.0453027	0.5754988	-0.03354436	-0.045313865	-0.033819705	0.5755693	-0.11741957		sub-90077	ses-1		dir-AP	acq-multiband	space-ACPC			DSIStudio	autotrackgqi
Cerebellum_Vermis	icvf	NODDI	/scratch/grmpy/SLURM_11194840_134/job-11194840-134-sub-90077/ds/inputs/data/qsiprep/qsiprep/sub-90077/ses-1/dwi/sub-90077_ses-1_acq-multiband_dir-AP_space-ACPC_desc-preproc_dwi.nii.gz	0.0381867455038186	0.60780597	0.16066204	0.6027526	0.6319376	0.6073667	0.1076449	0.60627246	0.6139974594116211	sub-90077	ses-1		dir-AP	acq-multiband	space-ACPC			DSIStudio	autotrackgqi
Cerebellum_Vermis	isovf	NODDI	/scratch/grmpy/SLURM_11194840_134/job-11194840-134-sub-90077/ds/inputs/data/qsiprep/qsiprep/sub-90077/ses-1/dwi/sub-90077_ses-1_acq-multiband_dir-AP_space-ACPC_desc-preproc_dwi.nii.gz	0.2067011579206701	0.13056904	0.1744344	0.078849345	0.16458999	0.10761717	0.1809861	0.14400005	0.1740322113037109	sub-90077	ses-1		dir-AP	acq-multiband	space-ACPC			DSIStudio	autotrackgqi
Cerebellum_Vermis	modulated_icvf	NODDI	/scratch/grmpy/SLURM_11194840_134/job-11194840-134-sub-90077/ds/inputs/data/qsiprep/qsiprep/sub-90077/ses-1/dwi/sub-90077_ses-1_acq-multiband_dir-AP_space-ACPC_desc-preproc_dwi.nii.gz	0.0381867455038186	0.5147002	0.14234765	0.5456757	0.5351352	0.5503144	0.10065693	0.50684994	0.5133081674575806	sub-90077	ses-1		dir-AP	acq-multiband	space-ACPC			DSIStudio	autotrackgqi
Cerebellum_Vermis	modulated_od	NODDI	/scratch/grmpy/SLURM_11194840_134/job-11194840-134-sub-90077/ds/inputs/data/qsiprep/qsiprep/sub-90077/ses-1/dwi/sub-90077_ses-1_acq-multiband_dir-AP_space-ACPC_desc-preproc_dwi.nii.gz	0.0002463661000246	0.3910161	0.1861788	0.37854266	0.39111245	0.37861133	0.18610053	0.3631362	0.3631715774536133	sub-90077	ses-1		dir-AP	acq-multiband	space-ACPC			DSIStudio	autotrackgqi
Cerebellum_Vermis	nrmse	NODDI	/scratch/grmpy/SLURM_11194840_134/job-11194840-134-sub-90077/ds/inputs/data/qsiprep/qsiprep/sub-90077/ses-1/dwi/sub-90077_ses-1_acq-multiband_dir-AP_space-ACPC_desc-preproc_dwi.nii.gz	0.0359694506035969	0.08839098	0.036024258	0.085997	0.09168898	0.086890414	0.032307547	0.09056312	0.0916817411780357	sub-90077	ses-1		dir-AP	acq-multiband	space-ACPC			DSIStudio	autotrackgqi
Cerebellum_Vermis	od	NODDI	/scratch/grmpy/SLURM_11194840_134/job-11194840-134-sub-90077/ds/inputs/data/qsiprep/qsiprep/sub-90077/ses-1/dwi/sub-90077_ses-1_acq-multiband_dir-AP_space-ACPC_desc-preproc_dwi.nii.gz	0.0002463661000246	0.44525638	0.17615035	0.43250537	0.4453661	0.43254215	0.1760333	0.42148656	0.4215275943279266	sub-90077	ses-1		dir-AP	acq-multiband	space-ACPC			DSIStudio	autotrackgqi
Cerebellum_Vermis	rmse	NODDI	/scratch/grmpy/SLURM_11194840_134/job-11194840-134-sub-90077/ds/inputs/data/qsiprep/qsiprep/sub-90077/ses-1/dwi/sub-90077_ses-1_acq-multiband_dir-AP_space-ACPC_desc-preproc_dwi.nii.gz	0.0359694506035969	0.045160744	0.015290051	0.04504843	0.04684576	0.045552783	0.012789553	0.04584651	0.0464127957820892	sub-90077	ses-1		dir-AP	acq-multiband	space-ACPC			DSIStudio	autotrackgqi
Cerebellum_Vermis	tf	NODDI	/scratch/grmpy/SLURM_11194840_134/job-11194840-134-sub-90077/ds/inputs/data/qsiprep/qsiprep/sub-90077/ses-1/dwi/sub-90077_ses-1_acq-multiband_dir-AP_space-ACPC_desc-preproc_dwi.nii.gz	0.0024636610002463	0.8691846	0.17495522	0.9210404	0.8713313	0.9214447	0.16974825	0.8559026	0.8563117384910583	sub-90077	ses-1		dir-AP	acq-multiband	space-ACPC			DSIStudio	autotrackgqi
Cerebellum_SuperiorCerebellarPeduncle	directions	NODDI	/scratch/grmpy/SLURM_11194840_134/job-11194840-134-sub-90077/ds/inputs/data/qsiprep/qsiprep/sub-90077/ses-1/dwi/sub-90077_ses-1_acq-multiband_dir-AP_space-ACPC_desc-preproc_dwi.nii.gz	0.0	-0.037497714	0.5761313	-0.07819523	-0.037497714	-0.07819523	0.5761313	-0.117513835		sub-90077	ses-1		dir-AP	acq-multiband	space-ACPC			DSIStudio	autotrackgqi
Cerebellum_SuperiorCerebellarPeduncle	icvf	NODDI	/scratch/grmpy/SLURM_11194840_134/job-11194840-134-sub-90077/ds/inputs/data/qsiprep/qsiprep/sub-90077/ses-1/dwi/sub-90077_ses-1_acq-multiband_dir-AP_space-ACPC_desc-preproc_dwi.nii.gz	0.0309829059829059	0.6686917	0.1949181	0.64757985	0.6900722	0.65264064	0.15637706	0.6883615	0.7045502662658691	sub-90077	ses-1		dir-AP	acq-multiband	space-ACPC			DSIStudio	autotrackgqi
Cerebellum_SuperiorCerebellarPeduncle	isovf	NODDI	/scratch/grmpy/SLURM_11194840_134/job-11194840-134-sub-90077/ds/inputs/data/qsiprep/qsiprep/sub-90077/ses-1/dwi/sub-90077_ses-1_acq-multiband_dir-AP_space-ACPC_desc-preproc_dwi.nii.gz	0.1346153846153846	0.23792215	0.2655667	0.14727125	0.27493227	0.17063633	0.26706	0.2445316	0.2921400070190429	sub-90077	ses-1		dir-AP	acq-multiband	space-ACPC			DSIStudio	autotrackgqi
Cerebellum_SuperiorCerebellarPeduncle	modulated_icvf	NODDI	/scratch/grmpy/SLURM_11194840_134/job-11194840-134-sub-90077/ds/inputs/data/qsiprep/qsiprep/sub-90077/ses-1/dwi/sub-90077_ses-1_acq-multiband_dir-AP_space-ACPC_desc-preproc_dwi.nii.gz	0.0309829059829059	0.49860877	0.1647349	0.5348574	0.51455104	0.53866386	0.1407201	0.5035806	0.5154236555099487	sub-90077	ses-1		dir-AP	acq-multiband	space-ACPC			DSIStudio	autotrackgqi
Cerebellum_SuperiorCerebellarPeduncle	modulated_od	NODDI	/scratch/grmpy/SLURM_11194840_134/job-11194840-134-sub-90077/ds/inputs/data/qsiprep/qsiprep/sub-90077/ses-1/dwi/sub-90077_ses-1_acq-multiband_dir-AP_space-ACPC_desc-preproc_dwi.nii.gz	0.000801282051282	0.23668344	0.15166365	0.23527347	0.23687325	0.23528862	0.1515762	0.17187664	0.1720649451017379	sub-90077	ses-1		dir-AP	acq-multiband	space-ACPC			DSIStudio	autotrackgqi
Cerebellum_SuperiorCerebellarPeduncle	nrmse	NODDI	/scratch/grmpy/SLURM_11194840_134/job-11194840-134-sub-90077/ds/inputs/data/qsiprep/qsiprep/sub-90077/ses-1/dwi/sub-90077_ses-1_acq-multiband_dir-AP_space-ACPC_desc-preproc_dwi.nii.gz	0.000801282051282	0.12668413	0.047667254	0.117069446	0.12678573	0.1170818	0.047551118	0.12811261	0.1281179338693618	sub-90077	ses-1		dir-AP	acq-multiband	space-ACPC			DSIStudio	autotrackgqi
Cerebellum_SuperiorCerebellarPeduncle	od	NODDI	/scratch/grmpy/SLURM_11194840_134/job-11194840-134-sub-90077/ds/inputs/data/qsiprep/qsiprep/sub-90077/ses-1/dwi/sub-90077_ses-1_acq-multiband_dir-AP_space-ACPC_desc-preproc_dwi.nii.gz	0.0	0.32875153	0.19303322	0.29950887	0.32875153	0.29950887	0.19303322	0.24055083	0.2405508309602737	sub-90077	ses-1		dir-AP	acq-multiband	space-ACPC			DSIStudio	autotrackgqi
Cerebellum_SuperiorCerebellarPeduncle	rmse	NODDI	/scratch/grmpy/SLURM_11194840_134/job-11194840-134-sub-90077/ds/inputs/data/qsiprep/qsiprep/sub-90077/ses-1/dwi/sub-90077_ses-1_acq-multiband_dir-AP_space-ACPC_desc-preproc_dwi.nii.gz	0.000801282051282	0.06167481	0.018877218	0.05800592	0.061724268	0.058030248	0.018803785	0.06375256	0.0637551993131637	sub-90077	ses-1		dir-AP	acq-multiband	space-ACPC			DSIStudio	autotrackgqi
Cerebellum_SuperiorCerebellarPeduncle	tf	NODDI	/scratch/grmpy/SLURM_11194840_134/job-11194840-134-sub-90077/ds/inputs/data/qsiprep/qsiprep/sub-90077/ses-1/dwi/sub-90077_ses-1_acq-multiband_dir-AP_space-ACPC_desc-preproc_dwi.nii.gz	0.0301816239316239	0.76207787	0.2655667	0.8527287	0.7857944	0.85783994	0.23256	0.75546837	0.7732025384902954	sub-90077	ses-1		dir-AP	acq-multiband	space-ACPC			DSIStudio	autotrackgqi
Cerebellum_CerebellumL	directions	NODDI	/scratch/grmpy/SLURM_11194840_134/job-11194840-134-sub-90077/ds/inputs/data/qsiprep/qsiprep/sub-90077/ses-1/dwi/sub-90077_ses-1_acq-multiband_dir-AP_space-ACPC_desc-preproc_dwi.nii.gz	32.0	-0.1740895	0.549162	-0.27286297	-0.17484868	-0.27613732	0.5502375	-0.54419905		sub-90077	ses-1		dir-AP	acq-multiband	space-ACPC			DSIStudio	autotrackgqi
Cerebellum_CerebellumL	icvf	NODDI	/scratch/grmpy/SLURM_11194840_134/job-11194840-134-sub-90077/ds/inputs/data/qsiprep/qsiprep/sub-90077/ses-1/dwi/sub-90077_ses-1_acq-multiband_dir-AP_space-ACPC_desc-preproc_dwi.nii.gz	0.0070556309362279	0.5897625	0.117216736	0.57780623	0.59395325	0.5784188	0.106528424	0.59723353	0.5988035798072815	sub-90077	ses-1		dir-AP	acq-multiband	space-ACPC			DSIStudio	autotrackgqi
Cerebellum_CerebellumL	isovf	NODDI	/scratch/grmpy/SLURM_11194840_134/job-11194840-134-sub-90077/ds/inputs/data/qsiprep/qsiprep/sub-90077/ses-1/dwi/sub-90077_ses-1_acq-multiband_dir-AP_space-ACPC_desc-preproc_dwi.nii.gz	0.2309362279511533	0.13173166	0.17383727	0.075408176	0.17128836	0.11039457	0.1803279	0.10600764	0.1380537152290344	sub-90077	ses-1		dir-AP	acq-multiband	space-ACPC			DSIStudio	autotrackgqi
Cerebellum_CerebellumL	modulated_icvf	NODDI	/scratch/grmpy/SLURM_11194840_134/job-11194840-134-sub-90077/ds/inputs/data/qsiprep/qsiprep/sub-90077/ses-1/dwi/sub-90077_ses-1_acq-multiband_dir-AP_space-ACPC_desc-preproc_dwi.nii.gz	0.0070556309362279	0.5035189	0.111306675	0.5263758	0.50709677	0.52715653	0.103261195	0.5298768	0.5312697887420654	sub-90077	ses-1		dir-AP	acq-multiband	space-ACPC			DSIStudio	autotrackgqi
Cerebellum_CerebellumL	modulated_od	NODDI	/scratch/grmpy/SLURM_11194840_134/job-11194840-134-sub-90077/ds/inputs/data/qsiprep/qsiprep/sub-90077/ses-1/dwi/sub-90077_ses-1_acq-multiband_dir-AP_space-ACPC_desc-preproc_dwi.nii.gz	0.0043419267299864	0.39201257	0.13611142	0.3996104	0.3937221	0.40064487	0.13391803	0.39569247	0.3958805203437805	sub-90077	ses-1		dir-AP	acq-multiband	space-ACPC			DSIStudio	autotrackgqi
Cerebellum_CerebellumL	nrmse	NODDI	/scratch/grmpy/SLURM_11194840_134/job-11194840-134-sub-90077/ds/inputs/data/qsiprep/qsiprep/sub-90077/ses-1/dwi/sub-90077_ses-1_acq-multiband_dir-AP_space-ACPC_desc-preproc_dwi.nii.gz	0.0046132971506105	0.08241657	0.04544153	0.07209823	0.08279855	0.07220876	0.04519819	0.07750349	0.0775436758995056	sub-90077	ses-1		dir-AP	acq-multiband	space-ACPC			DSIStudio	autotrackgqi
Cerebellum_CerebellumL	od	NODDI	/scratch/grmpy/SLURM_11194840_134/job-11194840-134-sub-90077/ds/inputs/data/qsiprep/qsiprep/sub-90077/ses-1/dwi/sub-90077_ses-1_acq-multiband_dir-AP_space-ACPC_desc-preproc_dwi.nii.gz	0.0043419267299864	0.4529689	0.12812614	0.45326525	0.45494425	0.45385092	0.12485683	0.44321775	0.4434283971786499	sub-90077	ses-1		dir-AP	acq-multiband	space-ACPC			DSIStudio	autotrackgqi
Cerebellum_CerebellumL	rmse	NODDI	/scratch/grmpy/SLURM_11194840_134/job-11194840-134-sub-90077/ds/inputs/data/qsiprep/qsiprep/sub-90077/ses-1/dwi/sub-90077_ses-1_acq-multiband_dir-AP_space-ACPC_desc-preproc_dwi.nii.gz	0.0046132971506105	0.042360898	0.030014183	0.03723568	0.04255723	0.03729617	0.029944468	0.04034175	0.0403626672923564	sub-90077	ses-1		dir-AP	acq-multiband	space-ACPC			DSIStudio	autotrackgqi
Cerebellum_CerebellumL	tf	NODDI	/scratch/grmpy/SLURM_11194840_134/job-11194840-134-sub-90077/ds/inputs/data/qsiprep/qsiprep/sub-90077/ses-1/dwi/sub-90077_ses-1_acq-multiband_dir-AP_space-ACPC_desc-preproc_dwi.nii.gz	0.0067842605156037	0.8639264	0.18275265	0.9236403	0.86982757	0.9243599	0.16880077	0.89351726	0.8958272933959961	sub-90077	ses-1		dir-AP	acq-multiband	space-ACPC			DSIStudio	autotrackgqi
Cerebellum_InferiorCerebellarPeduncleL	directions	NODDI	/scratch/grmpy/SLURM_11194840_134/job-11194840-134-sub-90077/ds/inputs/data/qsiprep/qsiprep/sub-90077/ses-1/dwi/sub-90077_ses-1_acq-multiband_dir-AP_space-ACPC_desc-preproc_dwi.nii.gz	0.0	-0.104846895	0.56775033	-0.18695128	-0.104846895	-0.18695128	0.56775033	-0.20938712		sub-90077	ses-1		dir-AP	acq-multiband	space-ACPC			DSIStudio	autotrackgqi
Cerebellum_InferiorCerebellarPeduncleL	icvf	NODDI	/scratch/grmpy/SLURM_11194840_134/job-11194840-134-sub-90077/ds/inputs/data/qsiprep/qsiprep/sub-90077/ses-1/dwi/sub-90077_ses-1_acq-multiband_dir-AP_space-ACPC_desc-preproc_dwi.nii.gz	0.030261348005502	0.6511258	0.17079805	0.6413566	0.67144465	0.64501727	0.128216	0.6789162	0.6916428804397583	sub-90077	ses-1		dir-AP	acq-multiband	space-ACPC			DSIStudio	autotrackgqi
Cerebellum_InferiorCerebellarPeduncleL	isovf	NODDI	/scratch/grmpy/SLURM_11194840_134/job-11194840-134-sub-90077/ds/inputs/data/qsiprep/qsiprep/sub-90077/ses-1/dwi/sub-90077_ses-1_acq-multiband_dir-AP_space-ACPC_desc-preproc_dwi.nii.gz	0.1035075653370013	0.1912793	0.2252483	0.12622881	0.21336411	0.13702224	0.2277777	0.20162548	0.2151183784008026	sub-90077	ses-1		dir-AP	acq-multiband	space-ACPC			DSIStudio	autotrackgqi
Cerebellum_InferiorCerebellarPeduncleL	modulated_icvf	NODDI	/scratch/grmpy/SLURM_11194840_134/job-11194840-134-sub-90077/ds/inputs/data/qsiprep/qsiprep/sub-90077/ses-1/dwi/sub-90077_ses-1_acq-multiband_dir-AP_space-ACPC_desc-preproc_dwi.nii.gz	0.030261348005502	0.51595634	0.15020753	0.5512142	0.5320571	0.55580235	0.121242926	0.52971816	0.5396479964256287	sub-90077	ses-1		dir-AP	acq-multiband	space-ACPC			DSIStudio	autotrackgqi
Cerebellum_InferiorCerebellarPeduncleL	modulated_od	NODDI	/scratch/grmpy/SLURM_11194840_134/job-11194840-134-sub-90077/ds/inputs/data/qsiprep/qsiprep/sub-90077/ses-1/dwi/sub-90077_ses-1_acq-multiband_dir-AP_space-ACPC_desc-preproc_dwi.nii.gz	0.0003438789546079	0.30240473	0.17842525	0.28749317	0.30250874	0.28750587	0.17836775	0.2307727	0.2307983040809631	sub-90077	ses-1		dir-AP	acq-multiband	space-ACPC			DSIStudio	autotrackgqi
Cerebellum_InferiorCerebellarPeduncleL	nrmse	NODDI	/scratch/grmpy/SLURM_11194840_134/job-11194840-134-sub-90077/ds/inputs/data/qsiprep/qsiprep/sub-90077/ses-1/dwi/sub-90077_ses-1_acq-multiband_dir-AP_space-ACPC_desc-preproc_dwi.nii.gz	0.0130674002751031	0.10215455	0.060829807	0.09078129	0.10350712	0.09106557	0.0600771	0.108522914	0.1089942008256912	sub-90077	ses-1		dir-AP	acq-multiband	space-ACPC			DSIStudio	autotrackgqi
Cerebellum_InferiorCerebellarPeduncleL	od	NODDI	/scratch/grmpy/SLURM_11194840_134/job-11194840-134-sub-90077/ds/inputs/data/qsiprep/qsiprep/sub-90077/ses-1/dwi/sub-90077_ses-1_acq-multiband_dir-AP_space-ACPC_desc-preproc_dwi.nii.gz	0.0	0.38065982	0.19363819	0.36049497	0.38065982	0.36049497	0.19363819	0.2947823	0.2947823107242584	sub-90077	ses-1		dir-AP	acq-multiband	space-ACPC			DSIStudio	autotrackgqi
Cerebellum_InferiorCerebellarPeduncleL	rmse	NODDI	/scratch/grmpy/SLURM_11194840_134/job-11194840-134-sub-90077/ds/inputs/data/qsiprep/qsiprep/sub-90077/ses-1/dwi/sub-90077_ses-1_acq-multiband_dir-AP_space-ACPC_desc-preproc_dwi.nii.gz	0.0130674002751031	0.04941373	0.019009823	0.04726933	0.05006799	0.04746556	0.018259263	0.05291781	0.0531476214528083	sub-90077	ses-1		dir-AP	acq-multiband	space-ACPC			DSIStudio	autotrackgqi
Cerebellum_InferiorCerebellarPeduncleL	tf	NODDI	/scratch/grmpy/SLURM_11194840_134/job-11194840-134-sub-90077/ds/inputs/data/qsiprep/qsiprep/sub-90077/ses-1/dwi/sub-90077_ses-1_acq-multiband_dir-AP_space-ACPC_desc-preproc_dwi.nii.gz	0.0171939477303989	0.8087207	0.22524829	0.8737712	0.82286906	0.8760054	0.19995542	0.7983745	0.8097733855247498	sub-90077	ses-1		dir-AP	acq-multiband	space-ACPC			DSIStudio	autotrackgqi
Cerebellum_InferiorCerebellarPeduncleR	directions	NODDI	/scratch/grmpy/SLURM_11194840_134/job-11194840-134-sub-90077/ds/inputs/data/qsiprep/qsiprep/sub-90077/ses-1/dwi/sub-90077_ses-1_acq-multiband_dir-AP_space-ACPC_desc-preproc_dwi.nii.gz	1.0	-0.02162809	0.576842	-0.01345051	-0.021635802	-0.0136204325	0.5769447	-0.110154204		sub-90077	ses-1		dir-AP	acq-multiband	space-ACPC			DSIStudio	autotrackgqi
Cerebellum_InferiorCerebellarPeduncleR	icvf	NODDI	/scratch/grmpy/SLURM_11194840_134/job-11194840-134-sub-90077/ds/inputs/data/qsiprep/qsiprep/sub-90077/ses-1/dwi/sub-90077_ses-1_acq-multiband_dir-AP_space-ACPC_desc-preproc_dwi.nii.gz	0.0245989304812834	0.655894	0.16560669	0.6420575	0.67243516	0.6463674	0.13036239	0.68354905	0.688356876373291	sub-90077	ses-1		dir-AP	acq-multiband	space-ACPC			DSIStudio	autotrackgqi
Cerebellum_InferiorCerebellarPeduncleR	isovf	NODDI	/scratch/grmpy/SLURM_11194840_134/job-11194840-134-sub-90077/ds/inputs/data/qsiprep/qsiprep/sub-90077/ses-1/dwi/sub-90077_ses-1_acq-multiband_dir-AP_space-ACPC_desc-preproc_dwi.nii.gz	0.1016042780748663	0.18847008	0.21224941	0.1271237	0.20978515	0.13871302	0.21371277	0.16950339	0.1818494349718094	sub-90077	ses-1		dir-AP	acq-multiband	space-ACPC			DSIStudio	autotrackgqi
Cerebellum_InferiorCerebellarPeduncleR	modulated_icvf	NODDI	/scratch/grmpy/SLURM_11194840_134/job-11194840-134-sub-90077/ds/inputs/data/qsiprep/qsiprep/sub-90077/ses-1/dwi/sub-90077_ses-1_acq-multiband_dir-AP_space-ACPC_desc-preproc_dwi.nii.gz	0.0245989304812834	0.5200988	0.14216408	0.5500968	0.53321534	0.5526967	0.11715968	0.55339015	0.5572824478149414	sub-90077	ses-1		dir-AP	acq-multiband	space-ACPC			DSIStudio	autotrackgqi
Cerebellum_InferiorCerebellarPeduncleR	modulated_od	NODDI	/scratch/grmpy/SLURM_11194840_134/job-11194840-134-sub-90077/ds/inputs/data/qsiprep/qsiprep/sub-90077/ses-1/dwi/sub-90077_ses-1_acq-multiband_dir-AP_space-ACPC_desc-preproc_dwi.nii.gz	0.0003565062388591	0.30517635	0.17973976	0.28977433	0.3052852	0.28978515	0.17967938	0.25614592	0.2561719417572021	sub-90077	ses-1		dir-AP	acq-multiband	space-ACPC			DSIStudio	autotrackgqi
Cerebellum_InferiorCerebellarPeduncleR	nrmse	NODDI	/scratch/grmpy/SLURM_11194840_134/job-11194840-134-sub-90077/ds/inputs/data/qsiprep/qsiprep/sub-90077/ses-1/dwi/sub-90077_ses-1_acq-multiband_dir-AP_space-ACPC_desc-preproc_dwi.nii.gz	0.0117647058823529	0.103565104	0.048354838	0.09558361	0.10479803	0.096006505	0.04729502	0.10284353	0.1032588481903076	sub-90077	ses-1		dir-AP	acq-multiband	space-ACPC			DSIStudio	autotrackgqi
Cerebellum_InferiorCerebellarPeduncleR	od	NODDI	/scratch/grmpy/SLURM_11194840_134/job-11194840-134-sub-90077/ds/inputs/data/qsiprep/qsiprep/sub-90077/ses-1/dwi/sub-90077_ses-1_acq-multiband_dir-AP_space-ACPC_desc-preproc_dwi.nii.gz	0.0003565062388591	0.37928626	0.19495143	0.36247334	0.37942153	0.36247423	0.19485456	0.3063465	0.3063775897026062	sub-90077	ses-1		dir-AP	acq-multiband	space-ACPC			DSIStudio	autotrackgqi
Cerebellum_InferiorCerebellarPeduncleR	rmse	NODDI	/scratch/grmpy/SLURM_11194840_134/job-11194840-134-sub-90077/ds/inputs/data/qsiprep/qsiprep/sub-90077/ses-1/dwi/sub-90077_ses-1_acq-multiband_dir-AP_space-ACPC_desc-preproc_dwi.nii.gz	0.0117647058823529	0.05111522	0.016648995	0.049507316	0.051723734	0.049680017	0.015780186	0.052349947	0.0525613576173782	sub-90077	ses-1		dir-AP	acq-multiband	space-ACPC			DSIStudio	autotrackgqi
Cerebellum_InferiorCerebellarPeduncleR	tf	NODDI	/scratch/grmpy/SLURM_11194840_134/job-11194840-134-sub-90077/ds/inputs/data/qsiprep/qsiprep/sub-90077/ses-1/dwi/sub-90077_ses-1_acq-multiband_dir-AP_space-ACPC_desc-preproc_dwi.nii.gz	0.0131907308377896	0.8111734	0.21277173	0.87277794	0.82201636	0.874677	0.19225982	0.83039504	0.8329471945762634	sub-90077	ses-1		dir-AP	acq-multiband	space-ACPC			DSIStudio	autotrackgqi
Cerebellum_MiddleCerebellarPeduncle	directions	NODDI	/scratch/grmpy/SLURM_11194840_134/job-11194840-134-sub-90077/ds/inputs/data/qsiprep/qsiprep/sub-90077/ses-1/dwi/sub-90077_ses-1_acq-multiband_dir-AP_space-ACPC_desc-preproc_dwi.nii.gz	0.0	-0.092314325	0.56992227	-0.13138008	-0.092314325	-0.13138008	0.56992227	-0.28529155		sub-90077	ses-1		dir-AP	acq-multiband	space-ACPC			DSIStudio	autotrackgqi
Cerebellum_MiddleCerebellarPeduncle	icvf	NODDI	/scratch/grmpy/SLURM_11194840_134/job-11194840-134-sub-90077/ds/inputs/data/qsiprep/qsiprep/sub-90077/ses-1/dwi/sub-90077_ses-1_acq-multiband_dir-AP_space-ACPC_desc-preproc_dwi.nii.gz	0.025368248772504	0.6898001	0.17210038	0.6830048	0.70775455	0.68768394	0.13297404	0.7464355	0.7504920959472656	sub-90077	ses-1		dir-AP	acq-multiband	space-ACPC			DSIStudio	autotrackgqi
Cerebellum_MiddleCerebellarPeduncle	isovf	NODDI	/scratch/grmpy/SLURM_11194840_134/job-11194840-134-sub-90077/ds/inputs/data/qsiprep/qsiprep/sub-90077/ses-1/dwi/sub-90077_ses-1_acq-multiband_dir-AP_space-ACPC_desc-preproc_dwi.nii.gz	0.1263297872340425	0.17418878	0.20260635	0.12097897	0.1993759	0.13557282	0.20484927	0.18966594	0.2004100680351257	sub-90077	ses-1		dir-AP	acq-multiband	space-ACPC			DSIStudio	autotrackgqi
Cerebellum_MiddleCerebellarPeduncle	modulated_icvf	NODDI	/scratch/grmpy/SLURM_11194840_134/job-11194840-134-sub-90077/ds/inputs/data/qsiprep/qsiprep/sub-90077/ses-1/dwi/sub-90077_ses-1_acq-multiband_dir-AP_space-ACPC_desc-preproc_dwi.nii.gz	0.025368248772504	0.5540098	0.14806573	0.5904087	0.5684298	0.59298706	0.11957132	0.5908589	0.5940699577331543	sub-90077	ses-1		dir-AP	acq-multiband	space-ACPC			DSIStudio	autotrackgqi
Cerebellum_MiddleCerebellarPeduncle	modulated_od	NODDI	/scratch/grmpy/SLURM_11194840_134/job-11194840-134-sub-90077/ds/inputs/data/qsiprep/qsiprep/sub-90077/ses-1/dwi/sub-90077_ses-1_acq-multiband_dir-AP_space-ACPC_desc-preproc_dwi.nii.gz	0.0	0.29160607	0.19080113	0.27423793	0.29160607	0.27423793	0.19080113	0.21996474	0.2199647426605224	sub-90077	ses-1		dir-AP	acq-multiband	space-ACPC			DSIStudio	autotrackgqi
Cerebellum_MiddleCerebellarPeduncle	nrmse	NODDI	/scratch/grmpy/SLURM_11194840_134/job-11194840-134-sub-90077/ds/inputs/data/qsiprep/qsiprep/sub-90077/ses-1/dwi/sub-90077_ses-1_acq-multiband_dir-AP_space-ACPC_desc-preproc_dwi.nii.gz	0.0176963993453355	0.10866572	0.06371865	0.09523774	0.11062335	0.09586468	0.06258314	0.11477859	0.115019641816616	sub-90077	ses-1		dir-AP	acq-multiband	space-ACPC			DSIStudio	autotrackgqi
Cerebellum_MiddleCerebellarPeduncle	od	NODDI	/scratch/grmpy/SLURM_11194840_134/job-11194840-134-sub-90077/ds/inputs/data/qsiprep/qsiprep/sub-90077/ses-1/dwi/sub-90077_ses-1_acq-multiband_dir-AP_space-ACPC_desc-preproc_dwi.nii.gz	0.0	0.35062394	0.19886792	0.33579823	0.35062394	0.33579823	0.19886792	0.26962888	0.2696289122104645	sub-90077	ses-1		dir-AP	acq-multiband	space-ACPC			DSIStudio	autotrackgqi
Cerebellum_MiddleCerebellarPeduncle	rmse	NODDI	/scratch/grmpy/SLURM_11194840_134/job-11194840-134-sub-90077/ds/inputs/data/qsiprep/qsiprep/sub-90077/ses-1/dwi/sub-90077_ses-1_acq-multiband_dir-AP_space-ACPC_desc-preproc_dwi.nii.gz	0.0176963993453355	0.05402523	0.021519188	0.051212296	0.054998506	0.05160619	0.020442339	0.058240302	0.0583626180887222	sub-90077	ses-1		dir-AP	acq-multiband	space-ACPC			DSIStudio	autotrackgqi
Cerebellum_MiddleCerebellarPeduncle	tf	NODDI	/scratch/grmpy/SLURM_11194840_134/job-11194840-134-sub-90077/ds/inputs/data/qsiprep/qsiprep/sub-90077/ses-1/dwi/sub-90077_ses-1_acq-multiband_dir-AP_space-ACPC_desc-preproc_dwi.nii.gz	0.0076718494271685	0.82581127	0.20260635	0.87902105	0.83219576	0.87978613	0.18987775	0.8103341	0.8130248188972473	sub-90077	ses-1		dir-AP	acq-multiband	space-ACPC			DSIStudio	autotrackgqi
Cerebellum_CerebellumR	directions	NODDI	/scratch/grmpy/SLURM_11194840_134/job-11194840-134-sub-90077/ds/inputs/data/qsiprep/qsiprep/sub-90077/ses-1/dwi/sub-90077_ses-1_acq-multiband_dir-AP_space-ACPC_desc-preproc_dwi.nii.gz	39.0	-0.048863273	0.57379895	0.0	-0.04911382	-0.0042566783	0.5752575	-0.1881725		sub-90077	ses-1		dir-AP	acq-multiband	space-ACPC			DSIStudio	autotrackgqi
Cerebellum_CerebellumR	icvf	NODDI	/scratch/grmpy/SLURM_11194840_134/job-11194840-134-sub-90077/ds/inputs/data/qsiprep/qsiprep/sub-90077/ses-1/dwi/sub-90077_ses-1_acq-multiband_dir-AP_space-ACPC_desc-preproc_dwi.nii.gz	0.0073250490516677	0.5950195	0.108599834	0.58269584	0.59941024	0.5832712	0.096172325	0.59757876	0.5982516407966614	sub-90077	ses-1		dir-AP	acq-multiband	space-ACPC			DSIStudio	autotrackgqi
Cerebellum_CerebellumR	isovf	NODDI	/scratch/grmpy/SLURM_11194840_134/job-11194840-134-sub-90077/ds/inputs/data/qsiprep/qsiprep/sub-90077/ses-1/dwi/sub-90077_ses-1_acq-multiband_dir-AP_space-ACPC_desc-preproc_dwi.nii.gz	0.2375408763897972	0.12705067	0.16449206	0.07348823	0.16663276	0.11331659	0.16997547	0.1037327	0.1388021856546402	sub-90077	ses-1		dir-AP	acq-multiband	space-ACPC			DSIStudio	autotrackgqi
Cerebellum_CerebellumR	modulated_icvf	NODDI	/scratch/grmpy/SLURM_11194840_134/job-11194840-134-sub-90077/ds/inputs/data/qsiprep/qsiprep/sub-90077/ses-1/dwi/sub-90077_ses-1_acq-multiband_dir-AP_space-ACPC_desc-preproc_dwi.nii.gz	0.0073250490516677	0.51352066	0.11137448	0.53425217	0.51730996	0.5350875	0.10264285	0.53277767	0.5333775877952576	sub-90077	ses-1		dir-AP	acq-multiband	space-ACPC			DSIStudio	autotrackgqi
Cerebellum_CerebellumR	modulated_od	NODDI	/scratch/grmpy/SLURM_11194840_134/job-11194840-134-sub-90077/ds/inputs/data/qsiprep/qsiprep/sub-90077/ses-1/dwi/sub-90077_ses-1_acq-multiband_dir-AP_space-ACPC_desc-preproc_dwi.nii.gz	0.0060170045781556	0.38308668	0.14032185	0.3921078	0.3854057	0.3932551	0.13753422	0.38334942	0.3837145864963531	sub-90077	ses-1		dir-AP	acq-multiband	space-ACPC			DSIStudio	autotrackgqi
Cerebellum_CerebellumR	nrmse	NODDI	/scratch/grmpy/SLURM_11194840_134/job-11194840-134-sub-90077/ds/inputs/data/qsiprep/qsiprep/sub-90077/ses-1/dwi/sub-90077_ses-1_acq-multiband_dir-AP_space-ACPC_desc-preproc_dwi.nii.gz	0.0053629823413996	0.08193474	0.04939601	0.07096935	0.082376525	0.07109049	0.04916024	0.07443428	0.0744932666420936	sub-90077	ses-1		dir-AP	acq-multiband	space-ACPC			DSIStudio	autotrackgqi
Cerebellum_CerebellumR	od	NODDI	/scratch/grmpy/SLURM_11194840_134/job-11194840-134-sub-90077/ds/inputs/data/qsiprep/qsiprep/sub-90077/ses-1/dwi/sub-90077_ses-1_acq-multiband_dir-AP_space-ACPC_desc-preproc_dwi.nii.gz	0.0051013734466971	0.43768913	0.13303411	0.4402418	0.4399334	0.44110146	0.12962058	0.42584816	0.4261695742607116	sub-90077	ses-1		dir-AP	acq-multiband	space-ACPC			DSIStudio	autotrackgqi
Cerebellum_CerebellumR	rmse	NODDI	/scratch/grmpy/SLURM_11194840_134/job-11194840-134-sub-90077/ds/inputs/data/qsiprep/qsiprep/sub-90077/ses-1/dwi/sub-90077_ses-1_acq-multiband_dir-AP_space-ACPC_desc-preproc_dwi.nii.gz	0.0053629823413996	0.042647958	0.03405071	0.036740012	0.042877913	0.03684421	0.033997685	0.039140232	0.039171252399683	sub-90077	ses-1		dir-AP	acq-multiband	space-ACPC			DSIStudio	autotrackgqi
Cerebellum_CerebellumR	tf	NODDI	/scratch/grmpy/SLURM_11194840_134/job-11194840-134-sub-90077/ds/inputs/data/qsiprep/qsiprep/sub-90077/ses-1/dwi/sub-90077_ses-1_acq-multiband_dir-AP_space-ACPC_desc-preproc_dwi.nii.gz	0.0070634401569653	0.8678479	0.17560388	0.92454565	0.87402153	0.9259886	0.16018811	0.8955132	0.8964875340461731	sub-90077	ses-1		dir-AP	acq-multiband	space-ACPC			DSIStudio	autotrackgqi
CranialNerve_CNVR	directions	NODDI	/scratch/grmpy/SLURM_11194840_134/job-11194840-134-sub-90077/ds/inputs/data/qsiprep/qsiprep/sub-90077/ses-1/dwi/sub-90077_ses-1_acq-multiband_dir-AP_space-ACPC_desc-preproc_dwi.nii.gz	0.0	-0.095808074	0.56934536	-0.104634956	-0.095808074	-0.104634956	0.56934536	-0.3759904		sub-90077	ses-1		dir-AP	acq-multiband	space-ACPC			DSIStudio	autotrackgqi
CranialNerve_CNVR	icvf	NODDI	/scratch/grmpy/SLURM_11194840_134/job-11194840-134-sub-90077/ds/inputs/data/qsiprep/qsiprep/sub-90077/ses-1/dwi/sub-90077_ses-1_acq-multiband_dir-AP_space-ACPC_desc-preproc_dwi.nii.gz	0.034068136272545	0.732251	0.20119931	0.7306831	0.75807726	0.73834825	0.14943427	0.7430862	0.7503088712692261	sub-90077	ses-1		dir-AP	acq-multiband	space-ACPC			DSIStudio	autotrackgqi
CranialNerve_CNVR	isovf	NODDI	/scratch/grmpy/SLURM_11194840_134/job-11194840-134-sub-90077/ds/inputs/data/qsiprep/qsiprep/sub-90077/ses-1/dwi/sub-90077_ses-1_acq-multiband_dir-AP_space-ACPC_desc-preproc_dwi.nii.gz	0.0581162324649298	0.27483	0.25656265	0.18084553	0.29178762	0.19292915	0.2548291	0.24680705	0.2580346763134002	sub-90077	ses-1		dir-AP	acq-multiband	space-ACPC			DSIStudio	autotrackgqi
CranialNerve_CNVR	modulated_icvf	NODDI	/scratch/grmpy/SLURM_11194840_134/job-11194840-134-sub-90077/ds/inputs/data/qsiprep/qsiprep/sub-90077/ses-1/dwi/sub-90077_ses-1_acq-multiband_dir-AP_space-ACPC_desc-preproc_dwi.nii.gz	0.034068136272545	0.5097177	0.17530917	0.5564482	0.5276953	0.5621258	0.14943416	0.5381496	0.5433802604675293	sub-90077	ses-1		dir-AP	acq-multiband	space-ACPC			DSIStudio	autotrackgqi
CranialNerve_CNVR	modulated_od	NODDI	/scratch/grmpy/SLURM_11194840_134/job-11194840-134-sub-90077/ds/inputs/data/qsiprep/qsiprep/sub-90077/ses-1/dwi/sub-90077_ses-1_acq-multiband_dir-AP_space-ACPC_desc-preproc_dwi.nii.gz	0.0	0.19781403	0.17139956	0.16889766	0.19781403	0.16889766	0.17139956	0.17597315	0.1759731471538543	sub-90077	ses-1		dir-AP	acq-multiband	space-ACPC			DSIStudio	autotrackgqi
CranialNerve_CNVR	nrmse	NODDI	/scratch/grmpy/SLURM_11194840_134/job-11194840-134-sub-90077/ds/inputs/data/qsiprep/qsiprep/sub-90077/ses-1/dwi/sub-90077_ses-1_acq-multiband_dir-AP_space-ACPC_desc-preproc_dwi.nii.gz	0.0170340681362725	0.1397369	0.07634915	0.116712674	0.14215843	0.11743681	0.074739315	0.13096774	0.1314045190811157	sub-90077	ses-1		dir-AP	acq-multiband	space-ACPC			DSIStudio	autotrackgqi
CranialNerve_CNVR	od	NODDI	/scratch/grmpy/SLURM_11194840_134/job-11194840-134-sub-90077/ds/inputs/data/qsiprep/qsiprep/sub-90077/ses-1/dwi/sub-90077_ses-1_acq-multiband_dir-AP_space-ACPC_desc-preproc_dwi.nii.gz	0.0	0.28107736	0.19995089	0.25198093	0.28107736	0.25198093	0.19995089	0.23549938	0.2354993820190429	sub-90077	ses-1		dir-AP	acq-multiband	space-ACPC			DSIStudio	autotrackgqi
CranialNerve_CNVR	rmse	NODDI	/scratch/grmpy/SLURM_11194840_134/job-11194840-134-sub-90077/ds/inputs/data/qsiprep/qsiprep/sub-90077/ses-1/dwi/sub-90077_ses-1_acq-multiband_dir-AP_space-ACPC_desc-preproc_dwi.nii.gz	0.0170340681362725	0.06469224	0.02245912	0.060965735	0.0658133	0.061462387	0.0209612	0.06359744	0.0638095289468765	sub-90077	ses-1		dir-AP	acq-multiband	space-ACPC			DSIStudio	autotrackgqi
CranialNerve_CNVR	tf	NODDI	/scratch/grmpy/SLURM_11194840_134/job-11194840-134-sub-90077/ds/inputs/data/qsiprep/qsiprep/sub-90077/ses-1/dwi/sub-90077_ses-1_acq-multiband_dir-AP_space-ACPC_desc-preproc_dwi.nii.gz	0.0170340681362725	0.72516996	0.25656265	0.8191545	0.7377366	0.8227198	0.24019617	0.75319296	0.7579699158668518	sub-90077	ses-1		dir-AP	acq-multiband	space-ACPC			DSIStudio	autotrackgqi
CranialNerve_CNIIL	directions	NODDI	/scratch/grmpy/SLURM_11194840_134/job-11194840-134-sub-90077/ds/inputs/data/qsiprep/qsiprep/sub-90077/ses-1/dwi/sub-90077_ses-1_acq-multiband_dir-AP_space-ACPC_desc-preproc_dwi.nii.gz	0.0	-0.044048347	0.57566744	-0.073214784	-0.044048347	-0.073214784	0.57566744	0.058595806		sub-90077	ses-1		dir-AP	acq-multiband	space-ACPC			DSIStudio	autotrackgqi
CranialNerve_CNIIL	icvf	NODDI	/scratch/grmpy/SLURM_11194840_134/job-11194840-134-sub-90077/ds/inputs/data/qsiprep/qsiprep/sub-90077/ses-1/dwi/sub-90077_ses-1_acq-multiband_dir-AP_space-ACPC_desc-preproc_dwi.nii.gz	0.0490196078431372	0.62034255	0.2660284	0.57433873	0.652319	0.5877762	0.23143093	0.66958314	0.6906819343566895	sub-90077	ses-1		dir-AP	acq-multiband	space-ACPC			DSIStudio	autotrackgqi
CranialNerve_CNIIL	isovf	NODDI	/scratch/grmpy/SLURM_11194840_134/job-11194840-134-sub-90077/ds/inputs/data/qsiprep/qsiprep/sub-90077/ses-1/dwi/sub-90077_ses-1_acq-multiband_dir-AP_space-ACPC_desc-preproc_dwi.nii.gz	0.2655228758169934	0.32350594	0.34403417	0.15348701	0.44045746	0.4143455	0.33111295	0.37975323	0.4577314853668213	sub-90077	ses-1		dir-AP	acq-multiband	space-ACPC			DSIStudio	autotrackgqi
CranialNerve_CNIIL	modulated_icvf	NODDI	/scratch/grmpy/SLURM_11194840_134/job-11194840-134-sub-90077/ds/inputs/data/qsiprep/qsiprep/sub-90077/ses-1/dwi/sub-90077_ses-1_acq-multiband_dir-AP_space-ACPC_desc-preproc_dwi.nii.gz	0.0490196078431372	0.38152802	0.16850457	0.39285764	0.40119442	0.40003437	0.14821382	0.36911333	0.3807442188262939	sub-90077	ses-1		dir-AP	acq-multiband	space-ACPC			DSIStudio	autotrackgqi
CranialNerve_CNIIL	modulated_od	NODDI	/scratch/grmpy/SLURM_11194840_134/job-11194840-134-sub-90077/ds/inputs/data/qsiprep/qsiprep/sub-90077/ses-1/dwi/sub-90077_ses-1_acq-multiband_dir-AP_space-ACPC_desc-preproc_dwi.nii.gz	0.0	0.25434667	0.2010805	0.22729445	0.25434667	0.22729445	0.2010805	0.16615872	0.1661587208509445	sub-90077	ses-1		dir-AP	acq-multiband	space-ACPC			DSIStudio	autotrackgqi
CranialNerve_CNIIL	nrmse	NODDI	/scratch/grmpy/SLURM_11194840_134/job-11194840-134-sub-90077/ds/inputs/data/qsiprep/qsiprep/sub-90077/ses-1/dwi/sub-90077_ses-1_acq-multiband_dir-AP_space-ACPC_desc-preproc_dwi.nii.gz	0.0	0.15167576	0.08046551	0.11998661	0.15167576	0.11998661	0.08046551	0.15248454	0.1524845361709594	sub-90077	ses-1		dir-AP	acq-multiband	space-ACPC			DSIStudio	autotrackgqi
CranialNerve_CNIIL	od	NODDI	/scratch/grmpy/SLURM_11194840_134/job-11194840-134-sub-90077/ds/inputs/data/qsiprep/qsiprep/sub-90077/ses-1/dwi/sub-90077_ses-1_acq-multiband_dir-AP_space-ACPC_desc-preproc_dwi.nii.gz	0.0	0.40041783	0.22841942	0.37162027	0.40041783	0.37162027	0.22841942	0.28792018	0.2879201769828796	sub-90077	ses-1		dir-AP	acq-multiband	space-ACPC			DSIStudio	autotrackgqi
CranialNerve_CNIIL	rmse	NODDI	/scratch/grmpy/SLURM_11194840_134/job-11194840-134-sub-90077/ds/inputs/data/qsiprep/qsiprep/sub-90077/ses-1/dwi/sub-90077_ses-1_acq-multiband_dir-AP_space-ACPC_desc-preproc_dwi.nii.gz	0.0	0.063742034	0.021089587	0.05811661	0.063742034	0.05811661	0.021089587	0.06403725	0.0640372484922409	sub-90077	ses-1		dir-AP	acq-multiband	space-ACPC			DSIStudio	autotrackgqi
CranialNerve_CNIIL	tf	NODDI	/scratch/grmpy/SLURM_11194840_134/job-11194840-134-sub-90077/ds/inputs/data/qsiprep/qsiprep/sub-90077/ses-1/dwi/sub-90077_ses-1_acq-multiband_dir-AP_space-ACPC_desc-preproc_dwi.nii.gz	0.0490196078431372	0.67649406	0.34403417	0.846513	0.7113649	0.86539465	0.3156812	0.62024677	0.639790952205658	sub-90077	ses-1		dir-AP	acq-multiband	space-ACPC			DSIStudio	autotrackgqi
CranialNerve_CNIIR	directions	NODDI	/scratch/grmpy/SLURM_11194840_134/job-11194840-134-sub-90077/ds/inputs/data/qsiprep/qsiprep/sub-90077/ses-1/dwi/sub-90077_ses-1_acq-multiband_dir-AP_space-ACPC_desc-preproc_dwi.nii.gz	0.0	-0.08773249	0.5706456	-0.14142525	-0.08773249	-0.14142525	0.5706456	-0.38951886		sub-90077	ses-1		dir-AP	acq-multiband	space-ACPC			DSIStudio	autotrackgqi
CranialNerve_CNIIR	icvf	NODDI	/scratch/grmpy/SLURM_11194840_134/job-11194840-134-sub-90077/ds/inputs/data/qsiprep/qsiprep/sub-90077/ses-1/dwi/sub-90077_ses-1_acq-multiband_dir-AP_space-ACPC_desc-preproc_dwi.nii.gz	0.028555431131019	0.6161402	0.23865865	0.56161296	0.63425153	0.5707413	0.21712919	0.63664794	0.6538263559341431	sub-90077	ses-1		dir-AP	acq-multiband	space-ACPC			DSIStudio	autotrackgqi
CranialNerve_CNIIR	isovf	NODDI	/scratch/grmpy/SLURM_11194840_134/job-11194840-134-sub-90077/ds/inputs/data/qsiprep/qsiprep/sub-90077/ses-1/dwi/sub-90077_ses-1_acq-multiband_dir-AP_space-ACPC_desc-preproc_dwi.nii.gz	0.2004479283314669	0.2872081	0.30297768	0.16169909	0.35921127	0.23746684	0.29823527	0.2993434	0.3453534245491028	sub-90077	ses-1		dir-AP	acq-multiband	space-ACPC			DSIStudio	autotrackgqi
CranialNerve_CNIIR	modulated_icvf	NODDI	/scratch/grmpy/SLURM_11194840_134/job-11194840-134-sub-90077/ds/inputs/data/qsiprep/qsiprep/sub-90077/ses-1/dwi/sub-90077_ses-1_acq-multiband_dir-AP_space-ACPC_desc-preproc_dwi.nii.gz	0.028555431131019	0.40249974	0.15018615	0.41409862	0.41433114	0.41795847	0.13533954	0.41657984	0.4278202652931213	sub-90077	ses-1		dir-AP	acq-multiband	space-ACPC			DSIStudio	autotrackgqi
CranialNerve_CNIIR	modulated_od	NODDI	/scratch/grmpy/SLURM_11194840_134/job-11194840-134-sub-90077/ds/inputs/data/qsiprep/qsiprep/sub-90077/ses-1/dwi/sub-90077_ses-1_acq-multiband_dir-AP_space-ACPC_desc-preproc_dwi.nii.gz	0.0	0.22367622	0.1777374	0.18619734	0.22367622	0.18619734	0.1777374	0.15706493	0.1570649296045303	sub-90077	ses-1		dir-AP	acq-multiband	space-ACPC			DSIStudio	autotrackgqi
CranialNerve_CNIIR	nrmse	NODDI	/scratch/grmpy/SLURM_11194840_134/job-11194840-134-sub-90077/ds/inputs/data/qsiprep/qsiprep/sub-90077/ses-1/dwi/sub-90077_ses-1_acq-multiband_dir-AP_space-ACPC_desc-preproc_dwi.nii.gz	0.0	0.13656679	0.067906335	0.11429393	0.13656679	0.11429393	0.067906335	0.13580897	0.1358089745044708	sub-90077	ses-1		dir-AP	acq-multiband	space-ACPC			DSIStudio	autotrackgqi
CranialNerve_CNIIR	od	NODDI	/scratch/grmpy/SLURM_11194840_134/job-11194840-134-sub-90077/ds/inputs/data/qsiprep/qsiprep/sub-90077/ses-1/dwi/sub-90077_ses-1_acq-multiband_dir-AP_space-ACPC_desc-preproc_dwi.nii.gz	0.0	0.3355937	0.21592946	0.30477613	0.3355937	0.30477613	0.21592946	0.24964462	0.2496446222066879	sub-90077	ses-1		dir-AP	acq-multiband	space-ACPC			DSIStudio	autotrackgqi
CranialNerve_CNIIR	rmse	NODDI	/scratch/grmpy/SLURM_11194840_134/job-11194840-134-sub-90077/ds/inputs/data/qsiprep/qsiprep/sub-90077/ses-1/dwi/sub-90077_ses-1_acq-multiband_dir-AP_space-ACPC_desc-preproc_dwi.nii.gz	0.0	0.059815682	0.019544367	0.055318665	0.059815682	0.055318665	0.019544367	0.060724832	0.0607248321175575	sub-90077	ses-1		dir-AP	acq-multiband	space-ACPC			DSIStudio	autotrackgqi
CranialNerve_CNIIR	tf	NODDI	/scratch/grmpy/SLURM_11194840_134/job-11194840-134-sub-90077/ds/inputs/data/qsiprep/qsiprep/sub-90077/ses-1/dwi/sub-90077_ses-1_acq-multiband_dir-AP_space-ACPC_desc-preproc_dwi.nii.gz	0.028555431131019	0.7127919	0.30297768	0.83830094	0.7337443	0.84532464	0.28128293	0.70065653	0.7195621728897095	sub-90077	ses-1		dir-AP	acq-multiband	space-ACPC			DSIStudio	autotrackgqi
CranialNerve_CNVIIIR	directions	NODDI	/scratch/grmpy/SLURM_11194840_134/job-11194840-134-sub-90077/ds/inputs/data/qsiprep/qsiprep/sub-90077/ses-1/dwi/sub-90077_ses-1_acq-multiband_dir-AP_space-ACPC_desc-preproc_dwi.nii.gz	1.0	-0.00056964817	0.57716167	0.0	-0.00057002	-0.0007736784	0.57735	0.015388295		sub-90077	ses-1		dir-AP	acq-multiband	space-ACPC			DSIStudio	autotrackgqi
CranialNerve_CNVIIIR	icvf	NODDI	/scratch/grmpy/SLURM_11194840_134/job-11194840-134-sub-90077/ds/inputs/data/qsiprep/qsiprep/sub-90077/ses-1/dwi/sub-90077_ses-1_acq-multiband_dir-AP_space-ACPC_desc-preproc_dwi.nii.gz	0.0247879973907371	0.6713495	0.18454579	0.63394314	0.6884139	0.63722265	0.15223481	0.6983597	0.7089399695396423	sub-90077	ses-1		dir-AP	acq-multiband	space-ACPC			DSIStudio	autotrackgqi
CranialNerve_CNVIIIR	isovf	NODDI	/scratch/grmpy/SLURM_11194840_134/job-11194840-134-sub-90077/ds/inputs/data/qsiprep/qsiprep/sub-90077/ses-1/dwi/sub-90077_ses-1_acq-multiband_dir-AP_space-ACPC_desc-preproc_dwi.nii.gz	0.0691454664057403	0.26441553	0.25920522	0.16945618	0.28405678	0.18535009	0.25806767	0.27004856	0.2826683521270752	sub-90077	ses-1		dir-AP	acq-multiband	space-ACPC			DSIStudio	autotrackgqi
CranialNerve_CNVIIIR	modulated_icvf	NODDI	/scratch/grmpy/SLURM_11194840_134/job-11194840-134-sub-90077/ds/inputs/data/qsiprep/qsiprep/sub-90077/ses-1/dwi/sub-90077_ses-1_acq-multiband_dir-AP_space-ACPC_desc-preproc_dwi.nii.gz	0.0247879973907371	0.47851336	0.15198351	0.5061441	0.49067622	0.5093109	0.13310929	0.49038312	0.4978124499320984	sub-90077	ses-1		dir-AP	acq-multiband	space-ACPC			DSIStudio	autotrackgqi
CranialNerve_CNVIIIR	modulated_od	NODDI	/scratch/grmpy/SLURM_11194840_134/job-11194840-134-sub-90077/ds/inputs/data/qsiprep/qsiprep/sub-90077/ses-1/dwi/sub-90077_ses-1_acq-multiband_dir-AP_space-ACPC_desc-preproc_dwi.nii.gz	0.0013046314416177	0.26436105	0.16955715	0.2524604	0.2647064	0.254288	0.16939825	0.20685609	0.2069743871688842	sub-90077	ses-1		dir-AP	acq-multiband	space-ACPC			DSIStudio	autotrackgqi
CranialNerve_CNVIIIR	nrmse	NODDI	/scratch/grmpy/SLURM_11194840_134/job-11194840-134-sub-90077/ds/inputs/data/qsiprep/qsiprep/sub-90077/ses-1/dwi/sub-90077_ses-1_acq-multiband_dir-AP_space-ACPC_desc-preproc_dwi.nii.gz	0.0006523157208088	0.1153606	0.055212785	0.10190192	0.115435906	0.10191782	0.055152055	0.11851161	0.118571862578392	sub-90077	ses-1		dir-AP	acq-multiband	space-ACPC			DSIStudio	autotrackgqi
CranialNerve_CNVIIIR	od	NODDI	/scratch/grmpy/SLURM_11194840_134/job-11194840-134-sub-90077/ds/inputs/data/qsiprep/qsiprep/sub-90077/ses-1/dwi/sub-90077_ses-1_acq-multiband_dir-AP_space-ACPC_desc-preproc_dwi.nii.gz	0.0006523157208088	0.37242126	0.2044623	0.360086	0.37266436	0.36052966	0.20430744	0.29467517	0.2948249280452728	sub-90077	ses-1		dir-AP	acq-multiband	space-ACPC			DSIStudio	autotrackgqi
CranialNerve_CNVIIIR	rmse	NODDI	/scratch/grmpy/SLURM_11194840_134/job-11194840-134-sub-90077/ds/inputs/data/qsiprep/qsiprep/sub-90077/ses-1/dwi/sub-90077_ses-1_acq-multiband_dir-AP_space-ACPC_desc-preproc_dwi.nii.gz	0.0006523157208088	0.05395467	0.018824337	0.05071854	0.053989887	0.05072476	0.018779924	0.055609863	0.0556381307542324	sub-90077	ses-1		dir-AP	acq-multiband	space-ACPC			DSIStudio	autotrackgqi
CranialNerve_CNVIIIR	tf	NODDI	/scratch/grmpy/SLURM_11194840_134/job-11194840-134-sub-90077/ds/inputs/data/qsiprep/qsiprep/sub-90077/ses-1/dwi/sub-90077_ses-1_acq-multiband_dir-AP_space-ACPC_desc-preproc_dwi.nii.gz	0.0247879973907371	0.7349322	0.25979662	0.82999724	0.7536127	0.83407545	0.23480195	0.7294434	0.7404944896697998	sub-90077	ses-1		dir-AP	acq-multiband	space-ACPC			DSIStudio	autotrackgqi
CranialNerve_CNVL	directions	NODDI	/scratch/grmpy/SLURM_11194840_134/job-11194840-134-sub-90077/ds/inputs/data/qsiprep/qsiprep/sub-90077/ses-1/dwi/sub-90077_ses-1_acq-multiband_dir-AP_space-ACPC_desc-preproc_dwi.nii.gz	0.0	-0.002476003	0.57734495	-0.06530988	-0.002476003	-0.06530988	0.57734495	0.038375318		sub-90077	ses-1		dir-AP	acq-multiband	space-ACPC			DSIStudio	autotrackgqi
CranialNerve_CNVL	icvf	NODDI	/scratch/grmpy/SLURM_11194840_134/job-11194840-134-sub-90077/ds/inputs/data/qsiprep/qsiprep/sub-90077/ses-1/dwi/sub-90077_ses-1_acq-multiband_dir-AP_space-ACPC_desc-preproc_dwi.nii.gz	0.0404624277456647	0.75697637	0.21770895	0.76160455	0.78889704	0.77017546	0.15560757	0.7891108	0.8073155283927917	sub-90077	ses-1		dir-AP	acq-multiband	space-ACPC			DSIStudio	autotrackgqi
CranialNerve_CNVL	isovf	NODDI	/scratch/grmpy/SLURM_11194840_134/job-11194840-134-sub-90077/ds/inputs/data/qsiprep/qsiprep/sub-90077/ses-1/dwi/sub-90077_ses-1_acq-multiband_dir-AP_space-ACPC_desc-preproc_dwi.nii.gz	0.0404624277456647	0.335472	0.28356075	0.21840301	0.34961838	0.22702041	0.28080508	0.33052552	0.3391540944576263	sub-90077	ses-1		dir-AP	acq-multiband	space-ACPC			DSIStudio	autotrackgqi
CranialNerve_CNVL	modulated_icvf	NODDI	/scratch/grmpy/SLURM_11194840_134/job-11194840-134-sub-90077/ds/inputs/data/qsiprep/qsiprep/sub-90077/ses-1/dwi/sub-90077_ses-1_acq-multiband_dir-AP_space-ACPC_desc-preproc_dwi.nii.gz	0.0404624277456647	0.48985246	0.19521964	0.5389682	0.5105089	0.54524684	0.17079957	0.50924015	0.5209882259368896	sub-90077	ses-1		dir-AP	acq-multiband	space-ACPC			DSIStudio	autotrackgqi
CranialNerve_CNVL	modulated_od	NODDI	/scratch/grmpy/SLURM_11194840_134/job-11194840-134-sub-90077/ds/inputs/data/qsiprep/qsiprep/sub-90077/ses-1/dwi/sub-90077_ses-1_acq-multiband_dir-AP_space-ACPC_desc-preproc_dwi.nii.gz	0.0	0.17026281	0.14842717	0.12879547	0.17026281	0.12879547	0.14842717	0.14571095	0.1457109451293945	sub-90077	ses-1		dir-AP	acq-multiband	space-ACPC			DSIStudio	autotrackgqi
CranialNerve_CNVL	nrmse	NODDI	/scratch/grmpy/SLURM_11194840_134/job-11194840-134-sub-90077/ds/inputs/data/qsiprep/qsiprep/sub-90077/ses-1/dwi/sub-90077_ses-1_acq-multiband_dir-AP_space-ACPC_desc-preproc_dwi.nii.gz	0.0065028901734104	0.16188191	0.092033535	0.12997079	0.1629415	0.13035949	0.09139453	0.1583403	0.1591677218675613	sub-90077	ses-1		dir-AP	acq-multiband	space-ACPC			DSIStudio	autotrackgqi
CranialNerve_CNVL	od	NODDI	/scratch/grmpy/SLURM_11194840_134/job-11194840-134-sub-90077/ds/inputs/data/qsiprep/qsiprep/sub-90077/ses-1/dwi/sub-90077_ses-1_acq-multiband_dir-AP_space-ACPC_desc-preproc_dwi.nii.gz	0.0	0.2868242	0.21285015	0.25172308	0.2868242	0.25172308	0.21285015	0.23541537	0.235415369272232	sub-90077	ses-1		dir-AP	acq-multiband	space-ACPC			DSIStudio	autotrackgqi
CranialNerve_CNVL	rmse	NODDI	/scratch/grmpy/SLURM_11194840_134/job-11194840-134-sub-90077/ds/inputs/data/qsiprep/qsiprep/sub-90077/ses-1/dwi/sub-90077_ses-1_acq-multiband_dir-AP_space-ACPC_desc-preproc_dwi.nii.gz	0.0065028901734104	0.07174864	0.0264414	0.066337645	0.07221827	0.066484824	0.025880653	0.07234289	0.0727209225296974	sub-90077	ses-1		dir-AP	acq-multiband	space-ACPC			DSIStudio	autotrackgqi
CranialNerve_CNVL	tf	NODDI	/scratch/grmpy/SLURM_11194840_134/job-11194840-134-sub-90077/ds/inputs/data/qsiprep/qsiprep/sub-90077/ses-1/dwi/sub-90077_ses-1_acq-multiband_dir-AP_space-ACPC_desc-preproc_dwi.nii.gz	0.0339595375722543	0.6645281	0.28356075	0.781597	0.68788844	0.7891619	0.25916004	0.6694745	0.6812958717346191	sub-90077	ses-1		dir-AP	acq-multiband	space-ACPC			DSIStudio	autotrackgqi
CranialNerve_CNIIIL	directions	NODDI	/scratch/grmpy/SLURM_11194840_134/job-11194840-134-sub-90077/ds/inputs/data/qsiprep/qsiprep/sub-90077/ses-1/dwi/sub-90077_ses-1_acq-multiband_dir-AP_space-ACPC_desc-preproc_dwi.nii.gz	0.0	0.010087642	0.5772621	-0.0065209568	0.010087642	-0.0065209568	0.5772621	0.041328304		sub-90077	ses-1		dir-AP	acq-multiband	space-ACPC			DSIStudio	autotrackgqi
CranialNerve_CNIIIL	icvf	NODDI	/scratch/grmpy/SLURM_11194840_134/job-11194840-134-sub-90077/ds/inputs/data/qsiprep/qsiprep/sub-90077/ses-1/dwi/sub-90077_ses-1_acq-multiband_dir-AP_space-ACPC_desc-preproc_dwi.nii.gz	0.0558441558441558	0.6803623	0.2583799	0.668002	0.7206038	0.69009274	0.20423187	0.6378275	0.6565936803817749	sub-90077	ses-1		dir-AP	acq-multiband	space-ACPC			DSIStudio	autotrackgqi
CranialNerve_CNIIIL	isovf	NODDI	/scratch/grmpy/SLURM_11194840_134/job-11194840-134-sub-90077/ds/inputs/data/qsiprep/qsiprep/sub-90077/ses-1/dwi/sub-90077_ses-1_acq-multiband_dir-AP_space-ACPC_desc-preproc_dwi.nii.gz	0.1766233766233766	0.34694052	0.33524534	0.20837727	0.4213631	0.28608638	0.3242519	0.26919883	0.3616061210632324	sub-90077	ses-1		dir-AP	acq-multiband	space-ACPC			DSIStudio	autotrackgqi
CranialNerve_CNIIIL	modulated_icvf	NODDI	/scratch/grmpy/SLURM_11194840_134/job-11194840-134-sub-90077/ds/inputs/data/qsiprep/qsiprep/sub-90077/ses-1/dwi/sub-90077_ses-1_acq-multiband_dir-AP_space-ACPC_desc-preproc_dwi.nii.gz	0.0558441558441558	0.42171368	0.19182323	0.4521839	0.44665688	0.461359	0.16682774	0.42963704	0.4422779083251953	sub-90077	ses-1		dir-AP	acq-multiband	space-ACPC			DSIStudio	autotrackgqi
CranialNerve_CNIIIL	modulated_od	NODDI	/scratch/grmpy/SLURM_11194840_134/job-11194840-134-sub-90077/ds/inputs/data/qsiprep/qsiprep/sub-90077/ses-1/dwi/sub-90077_ses-1_acq-multiband_dir-AP_space-ACPC_desc-preproc_dwi.nii.gz	0.0	0.1856582	0.14989501	0.1563926	0.1856582	0.1563926	0.14989501	0.2228408	0.2228407710790634	sub-90077	ses-1		dir-AP	acq-multiband	space-ACPC			DSIStudio	autotrackgqi
CranialNerve_CNIIIL	nrmse	NODDI	/scratch/grmpy/SLURM_11194840_134/job-11194840-134-sub-90077/ds/inputs/data/qsiprep/qsiprep/sub-90077/ses-1/dwi/sub-90077_ses-1_acq-multiband_dir-AP_space-ACPC_desc-preproc_dwi.nii.gz	0.0	0.15770371	0.067067295	0.13778338	0.15770371	0.13778338	0.067067295	0.14493468	0.1449346840381622	sub-90077	ses-1		dir-AP	acq-multiband	space-ACPC			DSIStudio	autotrackgqi
CranialNerve_CNIIIL	od	NODDI	/scratch/grmpy/SLURM_11194840_134/job-11194840-134-sub-90077/ds/inputs/data/qsiprep/qsiprep/sub-90077/ses-1/dwi/sub-90077_ses-1_acq-multiband_dir-AP_space-ACPC_desc-preproc_dwi.nii.gz	0.0	0.3232165	0.22323935	0.27641058	0.3232165	0.27641058	0.22323935	0.322917	0.3229169845581054	sub-90077	ses-1		dir-AP	acq-multiband	space-ACPC			DSIStudio	autotrackgqi
CranialNerve_CNIIIL	rmse	NODDI	/scratch/grmpy/SLURM_11194840_134/job-11194840-134-sub-90077/ds/inputs/data/qsiprep/qsiprep/sub-90077/ses-1/dwi/sub-90077_ses-1_acq-multiband_dir-AP_space-ACPC_desc-preproc_dwi.nii.gz	0.0	0.069004394	0.018144226	0.065634385	0.069004394	0.065634385	0.018144226	0.065970086	0.0659700781106948	sub-90077	ses-1		dir-AP	acq-multiband	space-ACPC			DSIStudio	autotrackgqi
CranialNerve_CNIIIL	tf	NODDI	/scratch/grmpy/SLURM_11194840_134/job-11194840-134-sub-90077/ds/inputs/data/qsiprep/qsiprep/sub-90077/ses-1/dwi/sub-90077_ses-1_acq-multiband_dir-AP_space-ACPC_desc-preproc_dwi.nii.gz	0.0558441558441558	0.65305954	0.33524534	0.7916227	0.69168615	0.8111293	0.30384117	0.73080117	0.752302885055542	sub-90077	ses-1		dir-AP	acq-multiband	space-ACPC			DSIStudio	autotrackgqi
CranialNerve_CNVIIR	directions	NODDI	/scratch/grmpy/SLURM_11194840_134/job-11194840-134-sub-90077/ds/inputs/data/qsiprep/qsiprep/sub-90077/ses-1/dwi/sub-90077_ses-1_acq-multiband_dir-AP_space-ACPC_desc-preproc_dwi.nii.gz	0.0	-0.0751489	0.5724386	-0.08453829	-0.0751489	-0.08453829	0.5724386	-0.35005262		sub-90077	ses-1		dir-AP	acq-multiband	space-ACPC			DSIStudio	autotrackgqi
CranialNerve_CNVIIR	icvf	NODDI	/scratch/grmpy/SLURM_11194840_134/job-11194840-134-sub-90077/ds/inputs/data/qsiprep/qsiprep/sub-90077/ses-1/dwi/sub-90077_ses-1_acq-multiband_dir-AP_space-ACPC_desc-preproc_dwi.nii.gz	0.0	0.7050181	0.13258325	0.69018394	0.7050181	0.69018394	0.13258325	0.72585136	0.7258513569831848	sub-90077	ses-1		dir-AP	acq-multiband	space-ACPC			DSIStudio	autotrackgqi
CranialNerve_CNVIIR	isovf	NODDI	/scratch/grmpy/SLURM_11194840_134/job-11194840-134-sub-90077/ds/inputs/data/qsiprep/qsiprep/sub-90077/ses-1/dwi/sub-90077_ses-1_acq-multiband_dir-AP_space-ACPC_desc-preproc_dwi.nii.gz	0.1273584905660377	0.18694949	0.21562195	0.13180447	0.21423402	0.14209192	0.21779117	0.14904836	0.1721000671386718	sub-90077	ses-1		dir-AP	acq-multiband	space-ACPC			DSIStudio	autotrackgqi
CranialNerve_CNVIIR	modulated_icvf	NODDI	/scratch/grmpy/SLURM_11194840_134/job-11194840-134-sub-90077/ds/inputs/data/qsiprep/qsiprep/sub-90077/ses-1/dwi/sub-90077_ses-1_acq-multiband_dir-AP_space-ACPC_desc-preproc_dwi.nii.gz	0.0	0.5530442	0.14067994	0.57848936	0.5530442	0.57848936	0.14067994	0.60762703	0.6076270341873169	sub-90077	ses-1		dir-AP	acq-multiband	space-ACPC			DSIStudio	autotrackgqi
CranialNerve_CNVIIR	modulated_od	NODDI	/scratch/grmpy/SLURM_11194840_134/job-11194840-134-sub-90077/ds/inputs/data/qsiprep/qsiprep/sub-90077/ses-1/dwi/sub-90077_ses-1_acq-multiband_dir-AP_space-ACPC_desc-preproc_dwi.nii.gz	0.0	0.29026505	0.17202741	0.2628775	0.29026505	0.2628775	0.17202741	0.28312507	0.2831250727176666	sub-90077	ses-1		dir-AP	acq-multiband	space-ACPC			DSIStudio	autotrackgqi
CranialNerve_CNVIIR	nrmse	NODDI	/scratch/grmpy/SLURM_11194840_134/job-11194840-134-sub-90077/ds/inputs/data/qsiprep/qsiprep/sub-90077/ses-1/dwi/sub-90077_ses-1_acq-multiband_dir-AP_space-ACPC_desc-preproc_dwi.nii.gz	0.0	0.09692054	0.04116034	0.09181996	0.09692054	0.09181996	0.04116034	0.09284276	0.0928427577018737	sub-90077	ses-1		dir-AP	acq-multiband	space-ACPC			DSIStudio	autotrackgqi
CranialNerve_CNVIIR	od	NODDI	/scratch/grmpy/SLURM_11194840_134/job-11194840-134-sub-90077/ds/inputs/data/qsiprep/qsiprep/sub-90077/ses-1/dwi/sub-90077_ses-1_acq-multiband_dir-AP_space-ACPC_desc-preproc_dwi.nii.gz	0.0	0.3508802	0.16895154	0.33835584	0.3508802	0.33835584	0.16895154	0.3272258	0.3272258043289184	sub-90077	ses-1		dir-AP	acq-multiband	space-ACPC			DSIStudio	autotrackgqi
CranialNerve_CNVIIR	rmse	NODDI	/scratch/grmpy/SLURM_11194840_134/job-11194840-134-sub-90077/ds/inputs/data/qsiprep/qsiprep/sub-90077/ses-1/dwi/sub-90077_ses-1_acq-multiband_dir-AP_space-ACPC_desc-preproc_dwi.nii.gz	0.0	0.048361257	0.012386813	0.04799712	0.048361257	0.04799712	0.012386813	0.049079567	0.0490795671939849	sub-90077	ses-1		dir-AP	acq-multiband	space-ACPC			DSIStudio	autotrackgqi
CranialNerve_CNVIIR	tf	NODDI	/scratch/grmpy/SLURM_11194840_134/job-11194840-134-sub-90077/ds/inputs/data/qsiprep/qsiprep/sub-90077/ses-1/dwi/sub-90077_ses-1_acq-multiband_dir-AP_space-ACPC_desc-preproc_dwi.nii.gz	0.0	0.81305045	0.21562196	0.86819553	0.81305045	0.86819553	0.21562196	0.8509517	0.8509516716003418	sub-90077	ses-1		dir-AP	acq-multiband	space-ACPC			DSIStudio	autotrackgqi
CranialNerve_CNVIIIL	directions	NODDI	/scratch/grmpy/SLURM_11194840_134/job-11194840-134-sub-90077/ds/inputs/data/qsiprep/qsiprep/sub-90077/ses-1/dwi/sub-90077_ses-1_acq-multiband_dir-AP_space-ACPC_desc-preproc_dwi.nii.gz	0.0	-0.02863441	0.5766398	-0.06819581	-0.02863441	-0.06819581	0.5766398	-0.17606278		sub-90077	ses-1		dir-AP	acq-multiband	space-ACPC			DSIStudio	autotrackgqi
CranialNerve_CNVIIIL	icvf	NODDI	/scratch/grmpy/SLURM_11194840_134/job-11194840-134-sub-90077/ds/inputs/data/qsiprep/qsiprep/sub-90077/ses-1/dwi/sub-90077_ses-1_acq-multiband_dir-AP_space-ACPC_desc-preproc_dwi.nii.gz	0.0351370344342937	0.6629933	0.19328538	0.63970876	0.6871373	0.6446815	0.14875992	0.6904764	0.7073885202407837	sub-90077	ses-1		dir-AP	acq-multiband	space-ACPC			DSIStudio	autotrackgqi
CranialNerve_CNVIIIL	isovf	NODDI	/scratch/grmpy/SLURM_11194840_134/job-11194840-134-sub-90077/ds/inputs/data/qsiprep/qsiprep/sub-90077/ses-1/dwi/sub-90077_ses-1_acq-multiband_dir-AP_space-ACPC_desc-preproc_dwi.nii.gz	0.0723822909346451	0.27139893	0.2706032	0.16723149	0.29257628	0.18074849	0.26971087	0.25921908	0.2775231599807739	sub-90077	ses-1		dir-AP	acq-multiband	space-ACPC			DSIStudio	autotrackgqi
CranialNerve_CNVIIIL	modulated_icvf	NODDI	/scratch/grmpy/SLURM_11194840_134/job-11194840-134-sub-90077/ds/inputs/data/qsiprep/qsiprep/sub-90077/ses-1/dwi/sub-90077_ses-1_acq-multiband_dir-AP_space-ACPC_desc-preproc_dwi.nii.gz	0.0351370344342937	0.47398907	0.16010733	0.5107952	0.49125016	0.5177374	0.134493	0.49857888	0.5107908248901367	sub-90077	ses-1		dir-AP	acq-multiband	space-ACPC			DSIStudio	autotrackgqi
CranialNerve_CNVIIIL	modulated_od	NODDI	/scratch/grmpy/SLURM_11194840_134/job-11194840-134-sub-90077/ds/inputs/data/qsiprep/qsiprep/sub-90077/ses-1/dwi/sub-90077_ses-1_acq-multiband_dir-AP_space-ACPC_desc-preproc_dwi.nii.gz	0.0007027406886858	0.27633122	0.1719335	0.2742465	0.27652556	0.27442962	0.17183766	0.20723043	0.2073214650154113	sub-90077	ses-1		dir-AP	acq-multiband	space-ACPC			DSIStudio	autotrackgqi
CranialNerve_CNVIIIL	nrmse	NODDI	/scratch/grmpy/SLURM_11194840_134/job-11194840-134-sub-90077/ds/inputs/data/qsiprep/qsiprep/sub-90077/ses-1/dwi/sub-90077_ses-1_acq-multiband_dir-AP_space-ACPC_desc-preproc_dwi.nii.gz	0.0	0.118075155	0.06824125	0.09787949	0.118075155	0.09787949	0.06824125	0.12599544	0.1259954422712326	sub-90077	ses-1		dir-AP	acq-multiband	space-ACPC			DSIStudio	autotrackgqi
CranialNerve_CNVIIIL	od	NODDI	/scratch/grmpy/SLURM_11194840_134/job-11194840-134-sub-90077/ds/inputs/data/qsiprep/qsiprep/sub-90077/ses-1/dwi/sub-90077_ses-1_acq-multiband_dir-AP_space-ACPC_desc-preproc_dwi.nii.gz	0.0	0.3967597	0.2075983	0.3944152	0.3967597	0.3944152	0.2075983	0.29573533	0.2957353293895721	sub-90077	ses-1		dir-AP	acq-multiband	space-ACPC			DSIStudio	autotrackgqi
CranialNerve_CNVIIIL	rmse	NODDI	/scratch/grmpy/SLURM_11194840_134/job-11194840-134-sub-90077/ds/inputs/data/qsiprep/qsiprep/sub-90077/ses-1/dwi/sub-90077_ses-1_acq-multiband_dir-AP_space-ACPC_desc-preproc_dwi.nii.gz	0.0	0.053772595	0.01858694	0.049679875	0.053772595	0.049679875	0.01858694	0.058565773	0.0585657730698585	sub-90077	ses-1		dir-AP	acq-multiband	space-ACPC			DSIStudio	autotrackgqi
CranialNerve_CNVIIIL	tf	NODDI	/scratch/grmpy/SLURM_11194840_134/job-11194840-134-sub-90077/ds/inputs/data/qsiprep/qsiprep/sub-90077/ses-1/dwi/sub-90077_ses-1_acq-multiband_dir-AP_space-ACPC_desc-preproc_dwi.nii.gz	0.0351370344342937	0.72860104	0.27060318	0.8327685	0.7551342	0.8378304	0.23634005	0.74078095	0.7589251399040222	sub-90077	ses-1		dir-AP	acq-multiband	space-ACPC			DSIStudio	autotrackgqi
CranialNerve_CNVIIL	directions	NODDI	/scratch/grmpy/SLURM_11194840_134/job-11194840-134-sub-90077/ds/inputs/data/qsiprep/qsiprep/sub-90077/ses-1/dwi/sub-90077_ses-1_acq-multiband_dir-AP_space-ACPC_desc-preproc_dwi.nii.gz	1.0	-0.059575956	0.57370335	-0.12502864	-0.05969209	-0.12640835	0.57425624	-0.27652353		sub-90077	ses-1		dir-AP	acq-multiband	space-ACPC			DSIStudio	autotrackgqi
CranialNerve_CNVIIL	icvf	NODDI	/scratch/grmpy/SLURM_11194840_134/job-11194840-134-sub-90077/ds/inputs/data/qsiprep/qsiprep/sub-90077/ses-1/dwi/sub-90077_ses-1_acq-multiband_dir-AP_space-ACPC_desc-preproc_dwi.nii.gz	0.0719844357976653	0.6858116	0.2461061	0.67632806	0.73900867	0.68682003	0.16110009	0.6796825	0.7015619277954102	sub-90077	ses-1		dir-AP	acq-multiband	space-ACPC			DSIStudio	autotrackgqi
CranialNerve_CNVIIL	isovf	NODDI	/scratch/grmpy/SLURM_11194840_134/job-11194840-134-sub-90077/ds/inputs/data/qsiprep/qsiprep/sub-90077/ses-1/dwi/sub-90077_ses-1_acq-multiband_dir-AP_space-ACPC_desc-preproc_dwi.nii.gz	0.0797665369649805	0.34078962	0.32118627	0.19451925	0.37032953	0.21805596	0.31806156	0.24070165	0.2575061917304992	sub-90077	ses-1		dir-AP	acq-multiband	space-ACPC			DSIStudio	autotrackgqi
CranialNerve_CNVIIL	modulated_icvf	NODDI	/scratch/grmpy/SLURM_11194840_134/job-11194840-134-sub-90077/ds/inputs/data/qsiprep/qsiprep/sub-90077/ses-1/dwi/sub-90077_ses-1_acq-multiband_dir-AP_space-ACPC_desc-preproc_dwi.nii.gz	0.0719844357976653	0.4467759	0.1963572	0.52071106	0.48143148	0.5297977	0.15767877	0.5093989	0.5257967710494995	sub-90077	ses-1		dir-AP	acq-multiband	space-ACPC			DSIStudio	autotrackgqi
CranialNerve_CNVIIL	modulated_od	NODDI	/scratch/grmpy/SLURM_11194840_134/job-11194840-134-sub-90077/ds/inputs/data/qsiprep/qsiprep/sub-90077/ses-1/dwi/sub-90077_ses-1_acq-multiband_dir-AP_space-ACPC_desc-preproc_dwi.nii.gz	0.0019455252918287	0.21623981	0.1774669	0.19097024	0.21666133	0.19101064	0.17738254	0.2607066	0.2607225775718689	sub-90077	ses-1		dir-AP	acq-multiband	space-ACPC			DSIStudio	autotrackgqi
CranialNerve_CNVIIL	nrmse	NODDI	/scratch/grmpy/SLURM_11194840_134/job-11194840-134-sub-90077/ds/inputs/data/qsiprep/qsiprep/sub-90077/ses-1/dwi/sub-90077_ses-1_acq-multiband_dir-AP_space-ACPC_desc-preproc_dwi.nii.gz	0.0058365758754863	0.13793401	0.07736039	0.10946951	0.1387438	0.109893166	0.07685969	0.11547779	0.1156553030014038	sub-90077	ses-1		dir-AP	acq-multiband	space-ACPC			DSIStudio	autotrackgqi
CranialNerve_CNVIIL	od	NODDI	/scratch/grmpy/SLURM_11194840_134/job-11194840-134-sub-90077/ds/inputs/data/qsiprep/qsiprep/sub-90077/ses-1/dwi/sub-90077_ses-1_acq-multiband_dir-AP_space-ACPC_desc-preproc_dwi.nii.gz	0.0019455252918287	0.36428836	0.24679625	0.3197832	0.36499846	0.31989372	0.24651152	0.3562737	0.3562955558300018	sub-90077	ses-1		dir-AP	acq-multiband	space-ACPC			DSIStudio	autotrackgqi
CranialNerve_CNVIIL	rmse	NODDI	/scratch/grmpy/SLURM_11194840_134/job-11194840-134-sub-90077/ds/inputs/data/qsiprep/qsiprep/sub-90077/ses-1/dwi/sub-90077_ses-1_acq-multiband_dir-AP_space-ACPC_desc-preproc_dwi.nii.gz	0.0058365758754863	0.059384793	0.019259399	0.055691034	0.05973343	0.056074258	0.018769035	0.054997995	0.0550825297832489	sub-90077	ses-1		dir-AP	acq-multiband	space-ACPC			DSIStudio	autotrackgqi
CranialNerve_CNVIIL	tf	NODDI	/scratch/grmpy/SLURM_11194840_134/job-11194840-134-sub-90077/ds/inputs/data/qsiprep/qsiprep/sub-90077/ses-1/dwi/sub-90077_ses-1_acq-multiband_dir-AP_space-ACPC_desc-preproc_dwi.nii.gz	0.0680933852140077	0.6572648	0.32214335	0.8042789	0.7052905	0.82522804	0.27836514	0.75923693	0.7824872136116028	sub-90077	ses-1		dir-AP	acq-multiband	space-ACPC			DSIStudio	autotrackgqi
CranialNerve_CNIIIR	directions	NODDI	/scratch/grmpy/SLURM_11194840_134/job-11194840-134-sub-90077/ds/inputs/data/qsiprep/qsiprep/sub-90077/ses-1/dwi/sub-90077_ses-1_acq-multiband_dir-AP_space-ACPC_desc-preproc_dwi.nii.gz	5.0	0.017158914	0.57514054	-0.012216038	0.01727564	-0.017435478	0.57709175	0.23287147		sub-90077	ses-1		dir-AP	acq-multiband	space-ACPC			DSIStudio	autotrackgqi
CranialNerve_CNIIIR	icvf	NODDI	/scratch/grmpy/SLURM_11194840_134/job-11194840-134-sub-90077/ds/inputs/data/qsiprep/qsiprep/sub-90077/ses-1/dwi/sub-90077_ses-1_acq-multiband_dir-AP_space-ACPC_desc-preproc_dwi.nii.gz	0.1108108108108108	0.63648164	0.30149502	0.6396037	0.7158	0.6925878	0.21319246	0.6225047	0.660271406173706	sub-90077	ses-1		dir-AP	acq-multiband	space-ACPC			DSIStudio	autotrackgqi
CranialNerve_CNIIIR	isovf	NODDI	/scratch/grmpy/SLURM_11194840_134/job-11194840-134-sub-90077/ds/inputs/data/qsiprep/qsiprep/sub-90077/ses-1/dwi/sub-90077_ses-1_acq-multiband_dir-AP_space-ACPC_desc-preproc_dwi.nii.gz	0.1972972972972973	0.4024278	0.3641724	0.26841387	0.50134104	0.45993376	0.3400434	0.33609456	0.4609550833702087	sub-90077	ses-1		dir-AP	acq-multiband	space-ACPC			DSIStudio	autotrackgqi
CranialNerve_CNIIIR	modulated_icvf	NODDI	/scratch/grmpy/SLURM_11194840_134/job-11194840-134-sub-90077/ds/inputs/data/qsiprep/qsiprep/sub-90077/ses-1/dwi/sub-90077_ses-1_acq-multiband_dir-AP_space-ACPC_desc-preproc_dwi.nii.gz	0.1108108108108108	0.37380403	0.21332933	0.40169138	0.42038754	0.42832762	0.17775735	0.38203612	0.4052138924598694	sub-90077	ses-1		dir-AP	acq-multiband	space-ACPC			DSIStudio	autotrackgqi
CranialNerve_CNIIIR	modulated_od	NODDI	/scratch/grmpy/SLURM_11194840_134/job-11194840-134-sub-90077/ds/inputs/data/qsiprep/qsiprep/sub-90077/ses-1/dwi/sub-90077_ses-1_acq-multiband_dir-AP_space-ACPC_desc-preproc_dwi.nii.gz	0.0081081081081081	0.16265221	0.14818656	0.119254544	0.1639818	0.12146045	0.1480565	0.17927143	0.1793903112411499	sub-90077	ses-1		dir-AP	acq-multiband	space-ACPC			DSIStudio	autotrackgqi
CranialNerve_CNIIIR	nrmse	NODDI	/scratch/grmpy/SLURM_11194840_134/job-11194840-134-sub-90077/ds/inputs/data/qsiprep/qsiprep/sub-90077/ses-1/dwi/sub-90077_ses-1_acq-multiband_dir-AP_space-ACPC_desc-preproc_dwi.nii.gz	0.0067567567567567	0.16506492	0.0707927	0.14247757	0.16618781	0.14347658	0.069707155	0.15788852	0.1579598784446716	sub-90077	ses-1		dir-AP	acq-multiband	space-ACPC			DSIStudio	autotrackgqi
CranialNerve_CNIIIR	od	NODDI	/scratch/grmpy/SLURM_11194840_134/job-11194840-134-sub-90077/ds/inputs/data/qsiprep/qsiprep/sub-90077/ses-1/dwi/sub-90077_ses-1_acq-multiband_dir-AP_space-ACPC_desc-preproc_dwi.nii.gz	0.0067567567567567	0.35101578	0.26338124	0.2723154	0.35340366	0.27357507	0.26267415	0.3144388	0.3145809173583984	sub-90077	ses-1		dir-AP	acq-multiband	space-ACPC			DSIStudio	autotrackgqi
CranialNerve_CNIIIR	rmse	NODDI	/scratch/grmpy/SLURM_11194840_134/job-11194840-134-sub-90077/ds/inputs/data/qsiprep/qsiprep/sub-90077/ses-1/dwi/sub-90077_ses-1_acq-multiband_dir-AP_space-ACPC_desc-preproc_dwi.nii.gz	0.0067567567567567	0.069062784	0.019226825	0.06673825	0.0695326	0.06682422	0.018426018	0.067865886	0.0678965672850608	sub-90077	ses-1		dir-AP	acq-multiband	space-ACPC			DSIStudio	autotrackgqi
CranialNerve_CNIIIR	tf	NODDI	/scratch/grmpy/SLURM_11194840_134/job-11194840-134-sub-90077/ds/inputs/data/qsiprep/qsiprep/sub-90077/ses-1/dwi/sub-90077_ses-1_acq-multiband_dir-AP_space-ACPC_desc-preproc_dwi.nii.gz	0.1108108108108108	0.5908155	0.36591586	0.7223479	0.66444296	0.78260654	0.31884027	0.66345364	0.7037047147750854	sub-90077	ses-1		dir-AP	acq-multiband	space-ACPC			DSIStudio	autotrackgqi
